0 27 4 07 13
27 38 4 136 26
38 23 2 264 36
38 0 4 264 34
23 35 2 366 44
0 36 1 342 42
35 33 2 445 56
36 8 4 423 47
33 0 2 567 66
8 13 2 477 59
8 23 3 478 61
13 24 4 594 64
0 25 4 662 69
23 0 4 612 65
24 30 4 645 70
23 35 4 611 70
30 37 1 706 83
35 28 1 704 75
35 21 4 702 79
0 6 1 653 73
25 14 1 695 79
6 4 3 733 84
21 18 3 798 89
28 3 2 755 85
18 4 1 898 99
3 15 4 858 97
4 19 2 998 115
15 31 3 971 101
37 20 4 831 91
31 0 2 1018 115
20 36 2 915 102
0 10 2 1152 121
36 35 4 1022 108
10 2 2 1212 127
35 6 4 1086 118
0 7 3 1158 129
6 11 1 1184 130
31 19 2 1012 110
19 39 3 1157 125
19 36 3 1102 114
15 18 1 973 108
36 8 2 1143 123
4 36 3 992 105
8 29 4 1231 127
36 31 4 1053 114
3 31 1 852 90
18 4 4 891 96
4 36 4 848 99
4 9 1 966 107
36 17 4 995 112
9 15 2 1074 113
14 39 2 791 87
15 35 2 1132 118
39 29 3 877 98
35 18 3 1182 126
35 35 4 1186 126
17 0 1 1128 125
17 32 1 1127 123
36 0 3 993 106
32 34 1 1236 137
0 36 4 1062 116
4 12 1 967 106
31 20 2 906 98
12 30 3 1066 113
31 15 2 1146 128
29 26 3 1276 136
15 37 1 1285 136
26 12 1 1367 151
37 15 1 1367 148
12 18 3 1511 160
15 8 3 1485 154
18 23 3 1602 165
8 12 1 1543 163
23 20 3 1655 175
36 9 4 1051 107
20 13 3 1754 182
18 34 4 1084 117
18 30 4 1081 117
36 30 1 1147 126
30 30 3 1175 130
30 37 4 1268 141
30 33 3 1305 143
39 15 3 1251 134
19 29 2 1102 114
15 20 1 1347 147
11 24 3 1308 145
20 36 2 1477 161
7 0 2 1294 138
6 3 4 1186 127
2 30 1 1274 135
2 35 4 1275 133
30 27 2 1357 145
35 27 4 1087 121
10 26 3 1215 130
27 6 3 1213 126
26 15 2 1301 136
6 15 3 1261 130
36 13 3 1026 115
15 4 1 1308 140
15 24 3 1366 144
4 6 1 1406 152
24 2 1 1441 146
26 35 3 1305 136
27 18 3 1212 124
2 36 2 1465 153
27 26 2 1455 154
35 14 2 1334 138
35 34 4 1332 142
14 16 2 1384 145
3 17 2 1276 134
16 3 4 1455 154
0 0 1 1382 146
0 34 4 1387 148
36 36 4 1616 172
36 28 1 1613 170
24 21 1 1458 156
36 10 4 1726 184
28 20 4 1708 179
21 31 1 1565 168
10 37 3 1842 190
29 4 1 1142 123
37 25 4 1903 195
20 35 3 1472 151
15 37 2 1341 138
25 10 3 1952 202
33 19 2 1438 154
35 16 1 1517 159
19 22 4 1547 168
16 2 3 1595 171
37 4 3 1412 146
2 27 3 1715 181
4 19 3 1461 151
4 26 3 1461 153
27 5 3 1818 195
30 3 4 1305 141
30 11 4 1174 123
34 4 4 1173 122
11 18 1 1237 136
18 39 2 1361 141
13 0 1 1822 192
9 28 4 1074 116
9 19 2 1071 112
12 7 4 1631 169
23 24 4 1655 178
8 34 3 1543 158
15 16 3 1481 151
12 4 3 1518 161
16 38 4 1511 154
4 22 3 1617 172
37 18 2 1367 148
22 32 2 1723 182
26 20 4 1367 150
32 13 1 1825 189
20 27 2 1503 155
13 6 2 1897 204
27 12 3 1557 170
15 37 2 1281 134
6 1 3 2048 216
30 25 4 1136 121
1 16 3 2164 225
20 29 4 987 110
20 11 2 984 104
29 36 4 1103 117
36 30 1 1165 125
36 32 1 1174 128
34 3 3 1373 148
32 13 3 1284 139
34 30 4 1374 148
13 6 4 1398 155
30 26 3 1483 158
6 5 2 1555 166
0 6 2 1063 113
0 3 1 1254 132
6 24 1 1136 122
35 19 3 1263 131
35 10 2 1264 132
19 29 4 1316 145
18 39 1 1265 138
29 5 1 987 106
39 35 4 1381 142
5 9 2 1068 118
35 17 3 1427 152
9 0 4 1184 127
17 2 4 1523 162
0 28 1 1275 134
35 25 1 1423 153
39 10 3 1388 151
25 16 3 1533 164
29 39 3 1456 157
16 27 3 1643 170
27 24 3 1705 183
27 4 1 1708 185
29 26 1 1451 149
4 14 3 1855 198
26 20 2 1491 157
14 28 3 1981 200
20 6 1 1573 166
10 33 3 1327 147
10 19 3 1327 141
33 17 3 1476 159
19 0 1 1418 150
24 37 1 1224 127
3 13 1 1325 144
5 22 1 1664 173
13 31 2 1446 155
22 38 1 1731 178
31 22 1 1558 166
26 20 3 1583 162
6 24 2 1554 167
20 19 3 1627 171
13 4 3 1398 149
19 39 2 1715 183
3 31 3 1481 156
32 17 3 1284 136
31 13 3 1562 161
17 2 2 1363 144
13 20 2 1618 177
30 33 3 1258 141
2 18 3 1445 157
33 16 4 1413 151
18 12 1 1576 170
30 19 2 1256 135
36 3 1 1177 132
11 20 3 1046 117
19 6 1 1354 146
20 14 2 1171 123
29 24 3 1108 126
16 7 4 2253 234
24 24 3 1262 133
7 29 2 2344 242
24 16 4 1337 142
25 29 3 1217 135
1 13 4 2165 229
37 4 3 1346 141
13 28 2 2294 241
4 5 4 1414 148
28 15 1 2413 250
5 17 3 1481 153
15 13 1 2502 253
17 6 4 1534 162
13 29 1 2537 262
6 8 2 1625 174
12 15 1 1704 177
6 39 2 2042 210
27 8 3 1558 171
13 10 2 1891 192
8 6 3 1711 178
10 34 4 1927 201
6 27 1 1787 186
20 35 1 1506 162
18 10 1 1483 155
18 39 4 1481 156
35 28 1 1627 170
38 31 3 1546 164
39 5 1 1568 169
4 17 4 1616 170
16 12 2 1518 162
34 16 4 1585 164
12 27 4 1625 174
34 19 1 1585 168
24 29 4 1782 187
24 33 2 1781 181
7 0 1 1697 184
33 4 3 1812 188
7 1 3 1692 177
19 24 2 1123 120
0 20 1 1848 199
28 10 1 1165 122
1 38 1 1777 190
28 12 4 1166 125
0 9 2 1927 200
20 30 2 1992 204
10 1 1 1228 137
12 6 2 1252 135
39 19 4 1416 150
38 37 3 1908 206
1 14 4 1372 142
30 7 2 2042 211
37 24 4 2066 220
18 37 3 1365 146
4 34 1 1225 133
37 38 2 1467 154
4 6 1 1225 133
38 24 2 1542 164
11 31 3 1234 134
24 10 2 1642 169
3 38 3 1418 156
10 14 2 1697 184
38 33 4 1564 162
5 24 1 1953 205
14 6 2 1843 194
33 29 3 1626 171
19 3 1 1511 155
6 26 1 1946 201
3 16 3 1552 162
26 12 2 1537 167
29 24 2 1715 184
2 0 2 1718 187
12 35 2 1678 181
22 27 2 1685 180
24 39 2 1846 191
27 24 2 1807 191
39 12 4 1916 205
24 19 2 1916 201
12 31 3 2058 220
10 39 3 2023 211
31 8 2 2203 227
37 32 1 1385 149
25 2 2 1957 205
32 11 1 1496 156
2 20 3 2056 215
4 9 2 1234 129
4 11 4 1232 127
9 29 3 1292 134
11 16 3 1278 139
37 16 2 1906 203
31 15 4 1681 177
16 22 4 1394 151
15 35 3 1777 190
22 17 1 1515 164
35 15 2 1901 192
20 25 1 1792 186
20 27 4 1796 190
25 3 4 1865 193
27 35 2 1906 200
21 13 4 1567 171
28 27 4 1706 182
34 7 2 1482 156
3 13 2 1541 161
27 20 4 1827 190
0 12 1 1465 157
20 26 4 1907 200
17 32 3 1341 143
26 4 3 2002 204
3 3 1 1545 167
32 10 4 1436 157
4 11 4 2044 214
16 25 3 1456 158
11 11 3 2142 220
25 24 3 1585 168
34 37 4 1423 150
34 27 4 1421 149
24 33 2 1687 181
14 27 1 1385 145
26 35 3 1546 163
36 30 1 1534 158
18 28 4 1247 132
35 28 2 1363 147
35 12 3 1365 145
28 0 2 1474 153
28 31 2 1323 136
27 16 2 1458 156
2 33 4 1462 154
6 25 3 1525 164
6 34 3 1528 166
4 32 1 1403 144
33 38 2 1541 161
32 20 3 1444 152
13 38 2 1156 122
13 24 4 1158 131
20 34 4 1522 156
34 13 4 1664 174
24 5 4 1318 140
38 21 4 1612 169
5 23 3 1407 153
15 20 4 1308 146
24 10 2 1318 145
38 38 1 1228 138
10 33 1 1451 151
20 1 3 1463 156
32 30 3 1445 155
5 27 1 1404 146
34 30 4 1568 169
33 17 1 1513 156
30 3 4 1557 163
38 15 4 1226 136
30 21 1 1695 175
17 25 2 1564 162
25 8 4 1641 169
21 18 4 1758 184
25 27 2 1623 170
34 11 4 1663 172
25 11 2 1645 172
16 27 3 1562 161
11 4 4 1724 182
33 35 2 1545 164
0 39 2 1532 163
12 19 3 1451 153
4 20 2 1826 192
35 6 4 1642 167
39 20 4 1633 167
19 20 1 1532 156
20 30 2 1921 201
35 24 2 1636 171
31 38 3 1362 145
31 5 1 1363 145
20 18 4 1673 176
24 38 4 1712 177
28 27 3 1322 140
28 38 1 1476 159
27 8 4 1491 151
30 17 3 1585 168
38 2 2 1595 169
17 1 1 1684 178
35 24 4 1636 173
1 0 3 1788 189
24 34 4 1733 180
27 15 1 1455 155
34 23 4 1804 185
33 36 1 1812 184
27 27 2 1495 162
24 6 1 1684 178
27 19 1 1625 175
37 24 4 1504 159
19 19 4 1753 184
11 18 3 2203 224
10 31 3 1576 164
10 20 1 1578 168
18 27 1 2241 228
3 13 1 1671 172
12 29 1 1571 162
27 17 3 2288 241
13 13 3 1723 181
12 5 4 1571 166
20 6 3 1908 206
13 14 3 1611 167
13 35 2 1616 169
7 20 4 1563 161
35 14 4 1693 176
7 9 3 1564 167
35 3 2 1696 177
35 15 3 2007 214
9 16 4 1673 175
20 37 4 1611 170
3 28 3 1775 187
13 31 4 1712 179
35 24 2 2003 206
9 24 3 1673 171
15 20 2 2142 223
3 4 2 1935 203
27 11 3 1903 201
31 27 4 1797 189
31 7 4 1793 186
25 14 2 1867 198
37 15 1 1706 183
20 3 3 2231 226
15 0 2 1923 198
17 29 1 1643 174
35 17 4 1905 199
11 17 3 2011 210
22 29 1 1513 158
16 12 4 2033 213
17 19 4 1994 206
16 6 2 1393 146
12 31 1 2135 219
29 10 3 1348 150
11 31 4 1273 136
31 23 1 2197 227
23 35 1 2277 241
20 2 2 2158 227
35 27 1 2418 250
2 35 1 2271 234
11 25 1 1565 165
2 20 4 2051 209
35 30 2 2343 240
25 33 1 1653 176
32 5 2 1494 154
8 12 4 2276 234
5 5 1 1541 163
8 3 1 2273 238
39 33 3 2115 217
19 30 2 2018 212
3 14 1 2388 247
19 36 1 2011 208
24 8 1 1916 203
39 35 3 1917 199
35 16 4 1818 193
36 3 1 2086 216
8 33 1 2032 206
35 16 4 1812 186
16 16 1 1932 199
0 8 4 1874 198
12 1 4 1672 174
16 3 3 1993 209
26 5 3 2013 211
16 13 3 1621 166
1 21 3 1747 189
5 36 3 2116 222
21 25 1 1894 195
29 23 2 1718 187
25 1 3 1951 197
23 30 1 1871 193
6 19 4 1945 204
1 27 3 1978 208
24 12 4 2055 213
19 22 1 2045 213
24 24 1 2054 217
12 39 1 2138 229
22 7 2 2133 220
38 21 4 1567 165
39 30 4 2292 236
7 7 1 2202 223
21 3 2 1658 180
10 16 2 1693 176
3 16 3 1808 192
31 3 3 1345 144
31 13 4 1343 142
3 33 1 1441 152
24 15 1 1641 167
13 6 4 1425 149
33 37 4 1521 161
15 5 3 1675 178
6 11 2 1497 162
37 37 1 1612 169
6 39 3 1335 145
11 36 4 1621 171
38 1 1 1544 164
39 10 1 1451 151
36 35 4 1716 183
10 38 4 1516 158
34 4 2 1335 145
34 1 3 1334 145
38 34 3 1588 174
1 1 1 1452 153
37 29 3 1461 151
34 32 1 1748 186
24 19 4 2205 227
7 0 2 2115 223
32 37 4 1866 197
24 14 1 2206 231
14 10 4 1424 154
0 6 2 2232 228
10 13 1 1548 166
10 22 3 1546 161
6 12 4 2283 233
14 27 3 1425 148
13 5 3 1663 177
12 21 1 2336 244
1 36 3 1376 148
5 9 2 1776 188
19 30 1 1508 162
21 39 2 2441 246
9 17 2 1883 195
6 38 2 1354 145
39 33 2 2461 251
9 32 3 2003 211
38 22 2 1451 148
32 21 2 2112 219
22 11 4 1483 155
22 31 1 1484 157
21 8 3 2194 225
9 20 1 2005 213
20 17 4 1995 207
24 33 1 1205 127
29 9 4 1871 193
20 2 4 2137 221
1 20 4 1775 189
9 39 4 1936 205
4 11 4 1881 196
29 18 2 1876 200
39 16 4 2056 216
11 12 3 1968 209
16 4 3 2163 227
12 22 2 2093 216
12 14 4 2098 224
22 3 1 2162 219
27 1 2 1745 187
3 37 3 2191 223
1 0 3 1874 198
37 12 2 2237 238
0 36 1 1981 207
12 6 4 2381 241
19 29 4 1684 180
36 34 4 2077 215
36 33 2 2078 222
33 9 1 1817 192
19 21 3 1686 176
29 35 2 1803 187
27 20 2 1745 184
16 8 1 1643 169
16 25 4 1641 171
20 20 2 1841 188
20 12 1 1848 197
12 23 3 1627 173
17 10 3 1708 179
31 16 2 1641 166
23 28 3 1732 183
28 18 2 1701 177
16 20 1 1662 174
28 16 2 1837 193
5 31 1 1691 176
39 28 4 1563 167
31 22 4 1764 184
28 28 4 1674 178
28 1 1 1701 172
10 32 4 1554 167
27 23 3 1865 197
27 29 4 1864 196
32 23 2 1677 180
34 0 3 2014 206
29 5 4 1964 208
23 33 1 1807 191
23 14 1 1802 189
5 14 2 2085 214
6 15 1 1783 182
10 9 1 1925 203
14 29 1 2146 228
8 4 3 1711 173
29 27 1 2285 236
4 7 3 1736 180
27 16 4 2363 244
39 23 3 2102 216
39 5 2 2108 222
15 9 1 1774 185
8 25 1 1746 186
5 13 1 2226 236
8 15 3 1745 187
25 9 4 1867 201
13 25 1 2361 241
15 17 4 1877 195
25 29 1 2412 248
29 7 2 2625 271
17 24 1 1957 206
29 23 1 2481 256
29 5 3 2483 254
7 23 4 2711 273
24 4 4 2061 211
23 5 1 2565 267
29 3 1 2622 266
6 36 4 1625 173
4 9 3 2113 222
17 19 4 1538 163
15 1 4 2504 258
36 6 2 1732 176
9 28 2 2221 225
28 21 3 2414 252
4 18 3 1411 144
1 19 3 2587 271
13 31 2 2297 242
21 0 3 2521 260
29 19 4 1355 142
19 18 4 2717 283
29 34 4 1354 147
16 21 4 1425 151
29 32 4 2426 252
29 32 2 2428 251
24 16 1 1333 141
18 26 4 2835 289
7 26 3 2347 243
24 27 3 1262 132
14 6 2 1237 133
32 20 1 2524 260
32 32 1 2521 261
6 21 2 1463 157
6 13 3 1463 157
20 1 1 2607 269
20 16 3 1172 122
21 11 3 1577 165
3 22 4 1327 147
16 23 4 1224 127
11 15 1 1657 174
3 2 2 1323 136
12 9 3 1704 181
12 29 2 1705 177
15 32 1 1741 183
16 35 4 1513 155
29 16 1 1776 189
16 31 3 1518 162
35 32 4 1553 164
33 21 2 1414 152
20 34 3 1774 186
31 8 4 1628 173
32 33 2 1648 177
13 7 4 1617 173
8 18 4 1731 176
7 37 4 1733 182
18 35 3 1765 182
18 37 2 1763 181
39 0 2 1838 197
37 38 1 1811 186
4 14 3 1491 155
37 30 1 1825 195
37 39 2 1827 196
4 12 2 1492 156
14 17 1 1555 167
19 28 1 1717 181
14 15 3 1556 169
24 14 2 1676 174
20 0 4 1622 172
22 36 4 1668 176
12 29 4 1563 166
12 38 4 1567 170
0 34 4 1722 177
22 8 2 1667 178
36 6 4 1766 190
38 25 2 1785 190
38 29 3 1703 180
38 25 1 1785 187
31 23 1 1557 165
38 7 4 1703 181
25 26 3 1906 204
13 10 4 1448 159
37 19 4 1276 138
26 1 2 2047 217
19 27 3 1383 147
0 33 1 1503 157
17 31 4 1592 163
10 32 4 1597 170
17 5 3 1591 163
19 15 3 1415 151
6 17 3 1665 177
32 9 2 1706 183
10 26 1 1593 168
33 31 1 1571 165
6 25 4 1662 176
28 29 2 2003 208
15 31 2 1517 166
20 30 3 1571 159
31 16 3 1662 176
26 36 2 1683 179
31 22 4 1655 175
9 24 3 1832 192
5 5 2 1634 172
5 9 2 1638 175
31 25 4 1634 172
22 34 2 1756 185
24 2 4 1927 205
26 9 3 1496 161
25 12 2 1722 178
34 18 3 1855 196
2 28 3 2057 213
24 13 1 1838 192
24 4 1 1836 193
39 32 3 1574 165
2 6 1 2052 214
12 31 1 1785 189
18 24 4 1967 209
10 26 1 1511 158
9 36 3 1618 173
12 33 3 1787 187
10 5 1 1514 157
13 21 4 1927 207
25 0 4 1537 164
28 11 2 1345 147
2 8 1 1628 175
2 5 3 1624 172
0 13 1 1273 133
17 24 1 1521 154
4 18 1 1934 205
28 7 1 2136 220
24 28 3 2098 220
6 0 1 2145 225
0 32 1 1641 168
33 1 2 1874 192
31 26 1 1891 191
6 2 3 2142 224
0 17 1 1648 174
36 28 2 1737 184
5 34 3 1726 181
13 23 4 1923 198
18 19 2 1963 202
34 32 2 1854 193
9 15 3 1612 165
9 35 3 1758 186
9 9 4 1754 181
22 11 4 1751 180
16 22 3 1762 186
29 3 2 2083 217
27 3 4 1472 153
5 2 4 1721 178
1 7 4 2178 226
26 12 4 1915 199
31 19 4 1633 170
36 8 2 1792 184
17 10 2 1777 192
25 5 2 1766 185
30 0 2 1595 170
16 20 4 1762 180
26 31 3 1684 176
0 36 1 1707 179
17 13 3 1776 191
32 15 2 1707 180
33 18 1 1573 163
23 0 4 1656 178
19 11 4 1384 147
26 38 3 2048 218
7 4 1 1817 190
0 27 3 1788 191
29 32 3 1807 195
23 28 2 1653 170
38 25 4 2186 232
25 35 1 1876 195
25 11 4 1874 199
6 0 1 1908 201
8 21 3 1788 192
0 22 2 1728 187
0 18 3 2014 209
25 7 1 1906 204
34 23 4 1775 184
29 23 3 1662 171
29 22 1 1664 178
15 19 2 1691 171
28 17 1 1813 192
14 35 1 1741 178
17 21 2 1672 175
14 23 4 1744 179
39 34 3 1962 204
0 36 1 1975 207
30 7 1 1954 207
0 10 1 1975 207
39 15 4 1967 211
38 26 1 1865 193
15 7 3 2115 219
38 34 2 1863 192
35 35 3 1826 190
7 14 3 1731 182
33 7 2 1777 191
34 18 3 1928 207
34 25 3 1866 193
33 34 1 1773 183
21 9 3 1524 158
32 8 2 1641 169
16 26 1 1896 201
35 15 3 1558 171
16 19 2 1891 198
26 37 2 2017 214
32 18 3 1833 191
32 10 2 1837 193
9 35 2 1812 187
9 26 3 1813 192
2 39 4 1366 146
15 18 4 1742 180
22 22 3 1474 158
26 32 2 1927 200
22 8 3 1472 155
23 5 2 1276 136
23 3 4 1276 134
11 5 1 1655 171
1 22 3 2692 277
13 39 3 1572 164
13 23 4 1572 160
32 13 1 2612 270
32 25 2 2616 268
20 30 4 2607 269
26 30 1 2896 302
23 20 3 1607 173
32 9 3 2516 263
21 30 3 1514 163
30 7 4 2694 275
26 34 4 2895 295
6 30 3 1334 138
7 33 2 2754 286
26 24 4 2438 259
16 24 4 1415 147
27 38 4 1326 140
24 31 3 1471 152
34 29 1 1475 160
18 31 2 2833 292
19 30 2 1426 155
21 11 3 1514 156
31 36 2 2922 300
31 24 4 2428 257
0 34 2 2607 271
0 24 4 2606 272
19 36 2 1421 148
31 23 3 2422 247
19 27 1 2718 285
36 26 2 1484 153
18 4 1 1444 149
18 23 1 1442 148
28 32 1 2257 240
6 37 1 1767 189
28 30 1 2254 234
1 15 1 2583 266
19 32 4 1632 166
3 33 1 2663 270
9 6 2 2228 238
36 1 3 1736 186
5 0 2 2677 277
4 23 2 2115 218
3 22 1 2662 274
23 37 2 2731 279
5 15 3 2541 262
5 2 3 2545 260
23 28 2 2568 267
23 38 1 2188 228
7 10 4 2717 280
28 13 3 2673 273
10 10 2 2801 286
25 26 3 2415 250
9 23 3 2011 207
15 34 3 1871 191
10 30 2 2867 296
9 31 4 1855 195
9 19 3 1857 197
5 25 4 2225 235
23 20 2 2168 232
16 37 1 2446 257
16 13 4 2447 253
7 29 4 1802 187
7 10 2 1806 187
27 32 2 2361 240
29 18 1 2288 240
9 2 2 2038 212
15 5 1 1827 197
15 1 3 1827 193
14 21 1 2143 225
14 2 1 1894 197
14 32 4 1895 195
33 35 4 1914 197
5 20 1 2086 217
0 39 2 2063 214
35 22 1 1975 210
23 8 3 1974 205
23 32 4 1971 199
1 29 2 1725 183
22 17 3 2102 217
29 10 2 1835 191
28 8 2 1782 184
1 15 1 1728 182
10 33 2 1914 202
22 12 4 1846 193
22 1 1 1844 191
28 33 4 1675 174
10 2 4 1911 200
31 2 4 1763 187
16 29 3 1933 200
16 12 1 1931 197
20 34 1 1744 180
18 20 4 1771 185
18 6 4 1777 185
12 16 3 1978 207
10 15 2 1795 190
23 15 3 1737 185
8 36 1 1698 178
20 24 3 1882 196
25 23 1 1713 180
8 27 2 1694 177
35 10 1 1873 194
35 12 2 1878 196
33 10 3 2223 229
15 36 1 1905 201
21 29 1 1763 186
9 24 1 1925 198
34 22 1 2153 222
34 33 2 2154 221
6 6 1 2414 246
36 9 1 2013 206
6 36 4 2418 251
12 21 4 2384 247
0 36 1 1986 207
22 4 1 2224 233
6 12 4 2468 262
37 0 1 2231 231
3 19 3 2197 227
14 37 2 2247 234
14 28 4 2245 230
4 16 3 2274 237
12 37 2 2628 272
4 39 1 2274 233
12 4 1 2627 275
18 10 1 2001 205
11 23 1 1962 199
20 15 2 1898 203
2 28 3 2213 225
2 29 2 2211 227
37 8 4 2725 281
33 7 1 1275 139
17 6 3 2072 216
20 34 1 2136 221
8 28 2 2253 233
31 6 2 1573 163
11 13 1 1552 164
21 19 4 2196 231
32 23 2 2113 221
33 18 4 2512 254
38 24 2 1452 154
17 20 2 1957 208
39 1 2 2466 258
30 5 3 1627 172
9 19 2 1888 203
36 1 4 1488 159
21 22 3 2447 255
5 25 3 1773 187
24 39 3 1542 158
27 34 4 1487 158
12 8 4 2331 239
22 10 2 1617 175
6 15 3 2287 238
37 3 1 1978 212
14 6 3 2316 245
19 26 2 2275 238
32 11 3 1866 195
1 33 3 1533 162
29 34 3 1516 160
6 25 1 2451 252
33 29 1 1622 166
4 4 4 1457 153
3 25 2 2123 218
1 11 2 1455 158