0 16 4 01 7
16 13 3 77 20
13 38 3 205 30
38 35 2 303 39
35 5 2 391 42
5 13 2 428 51
5 29 1 425 55
13 18 4 513 56
29 33 2 555 66
18 24 4 564 62
33 4 3 666 75
24 33 3 624 69
29 7 4 557 65
33 16 1 693 76
7 10 3 653 72
16 33 4 761 84
16 3 1 764 82
7 27 1 658 80
4 7 4 753 84
4 26 4 757 86
7 21 1 841 91
26 34 4 864 91
21 36 2 915 98
33 32 1 663 71
36 16 4 985 106
34 28 3 917 104
34 39 4 918 104
21 2 1 914 98
26 37 1 865 99
2 39 4 985 110
7 29 3 843 91
27 15 1 803 86
39 31 1 1102 119
27 6 2 803 89
31 31 3 1192 125
3 20 2 828 95
31 20 1 1257 137
20 37 4 958 104
20 37 4 1375 145
37 27 4 1045 117
33 13 2 848 98
27 3 1 1178 126
10 2 4 725 85
3 1 1 1261 130
2 18 4 851 88
10 18 2 724 80
18 34 2 888 103
18 35 2 807 93
18 31 4 805 87
18 22 3 884 95
31 23 1 872 96
22 18 2 957 104
1 11 1 1305 138
18 37 2 1041 106
2 3 1 851 89
13 35 2 988 109
3 29 4 895 101
35 39 3 1097 121
13 23 1 984 107
39 0 4 1211 126
23 34 1 1074 116
37 25 4 1452 151
37 15 4 1451 154
31 35 3 1253 135
6 7 4 898 103
6 4 4 893 96
7 33 3 1038 113
15 24 2 862 94
29 13 3 914 97
24 16 1 948 110
39 23 2 1102 113
37 37 1 994 108
23 4 4 1132 122
37 28 4 1084 116
2 7 2 982 102
39 8 2 1048 119
39 33 4 1043 109
28 17 3 1048 118
28 30 1 1043 111
16 21 4 1066 119
32 27 4 717 84
21 39 2 1192 122
27 5 2 846 92
30 31 2 1115 120
39 17 4 1221 130
17 1 2 1187 128
17 38 2 1304 141
17 2 2 1188 129
33 18 2 1091 116
2 25 2 1293 138
33 10 3 1094 117
8 15 3 1193 129
8 25 3 1197 129
7 5 1 1027 112
25 8 3 1291 135
5 21 4 1126 126
8 26 2 1355 146
28 7 3 1166 128
26 35 2 1463 155
28 33 4 1167 130
4 35 4 1221 125
37 19 4 1083 118
16 20 2 1104 121
19 30 2 1188 129
20 38 3 1218 135
30 20 3 1293 138
38 13 3 1354 144
20 25 2 1385 149
13 30 2 1445 151
25 31 2 1492 155
13 21 3 976 106
30 15 2 1515 160
13 8 1 971 105
15 19 1 1605 173
33 8 3 1136 121
4 28 4 965 102
19 25 1 1733 181
4 1 3 963 102
35 22 1 1355 144
1 37 3 1021 109
35 13 3 1351 140
15 20 2 1546 168
13 8 3 1404 149
25 20 1 1512 156
8 30 1 1491 157
34 13 2 1164 125
30 37 1 1573 164
0 23 1 1263 130
30 21 1 1571 163
0 9 4 1264 131
23 5 4 1302 136
39 20 2 1215 133
29 36 4 1012 109
5 5 3 1366 150
35 37 1 1092 115
36 4 3 1091 112
5 25 1 1502 159
4 14 4 1127 121
4 25 2 1123 123
14 8 3 1211 129
3 35 4 892 99
37 12 3 1067 114
11 17 2 1387 151
18 26 3 1045 112
17 38 1 1515 159
23 7 4 964 102
38 28 1 1595 165
22 5 2 954 107
28 22 1 1658 175
35 11 3 934 100
22 9 2 1756 185
11 6 4 1007 109
9 33 2 1852 190
6 34 1 1098 118
35 28 2 935 99
34 34 1 1031 108
34 6 4 1181 126
28 4 3 996 109
6 31 3 1265 138
4 37 1 1096 117
34 15 1 1188 130
33 30 3 1903 201
11 35 4 1002 107
15 4 2 1305 142
35 0 4 1078 118
5 10 2 1074 118
5 16 2 1075 118
28 31 1 1654 177
7 11 1 1026 114
31 13 2 1778 188
11 38 4 1142 117
13 0 4 1884 198
38 2 3 1597 171
26 22 1 1128 122
2 8 2 1718 187
22 14 4 1228 134
17 10 3 1518 160
12 28 3 1146 127
10 13 1 1605 173
28 22 1 1277 138
13 5 1 1732 183
12 34 4 1146 127
5 33 4 1834 194
34 28 1 1275 138
35 13 1 991 103
8 32 2 1298 140
35 21 4 994 110
13 34 1 1037 115
8 39 4 1296 137
21 18 4 1107 119
39 34 2 1378 146
18 14 2 1195 125
25 33 3 1236 135
14 3 4 1212 128
33 24 1 1356 148
3 34 1 1283 134
3 31 1 1281 132
25 4 1 1596 170
31 18 2 1324 144
37 12 4 1158 127
5 18 4 1501 155
20 22 2 1338 145
12 13 1 1276 139
18 20 1 1557 168
13 2 3 1393 144
2 27 1 1445 152
2 6 2 1445 155
20 27 3 1331 141
5 6 2 1364 147
27 17 4 1414 151
9 19 4 1314 139
6 1 1 1473 155
19 15 3 1397 150
19 10 4 1392 146
21 15 3 1631 171
21 34 3 1632 168
10 18 2 1461 150
13 10 3 1252 135
18 25 1 1506 160
10 15 3 1356 147
37 21 2 1643 175
23 35 1 1302 139
13 28 1 1256 135
20 5 1 1566 166
20 35 1 1566 163
8 14 1 1492 158
35 32 4 1634 168
35 22 1 1635 170
14 2 1 1588 172
22 10 2 1702 176
2 17 4 1726 185
13 16 3 1405 150
17 23 4 1855 193
16 11 3 1507 162
20 9 2 1686 179
37 37 2 1093 114
9 3 1 1792 189
37 5 4 1145 122
22 27 3 1442 151
5 8 4 1224 134
25 37 1 1816 195
25 32 4 1814 193
8 14 3 1341 140
8 30 3 1213 125
14 0 3 1405 151
28 23 2 1025 108
30 16 4 1253 136
19 38 1 1732 181
0 39 3 1512 161
8 31 4 1052 111
38 19 1 1816 189
16 22 1 1362 143
8 0 1 1051 111
15 18 2 1603 170
22 23 3 1435 155
21 19 4 1062 113
18 2 1 1707 185
23 26 1 1555 166
2 16 4 1856 196
26 11 1 1666 176
31 39 1 1557 164
31 7 2 1554 162
30 38 2 1514 159
7 12 4 1628 175
25 39 1 1494 156
11 6 3 1766 186
20 20 3 1382 148
6 1 3 1861 189
39 13 3 1562 159
38 26 3 1593 167
20 17 2 1485 155
30 26 4 1294 139
20 7 1 1216 130
19 18 2 1183 124
35 8 3 1257 136
33 26 2 1301 136
33 16 3 1301 135
35 39 1 1557 170
35 32 2 1552 165
7 12 3 1281 132
26 37 4 1464 156
21 9 3 1265 138
26 18 1 1394 149
26 31 1 1368 147
8 35 4 1356 144
5 38 3 1121 115
15 2 3 1292 137
16 18 4 1358 148
39 32 4 1704 176
12 21 1 1328 146
37 12 2 1567 168
15 4 4 1295 140
10 1 1 1173 122
18 20 4 1498 162
18 38 3 1244 131
25 35 2 1383 145
2 34 3 1373 145
18 0 3 1482 154
18 33 4 1166 124
12 16 3 1686 176
1 38 4 1226 132
38 12 4 1418 152
1 19 1 1283 135
33 14 1 1248 138
12 22 3 1524 161
38 31 4 1327 142
1 24 1 1287 137
31 34 4 1203 130
31 19 2 1208 136
34 36 1 1308 143
34 8 1 1304 139
36 11 2 1432 149
5 18 4 923 99
11 37 3 1496 156
39 7 2 1225 134
27 7 3 842 93
21 0 3 1195 131
7 24 1 1346 143
0 14 3 1317 143
0 19 1 1317 145
7 39 4 931 98
37 17 1 1568 166
18 38 3 995 109
17 19 2 1666 177
38 12 1 1091 111
19 18 4 1771 181
18 8 2 998 115
8 6 3 1396 146
18 4 4 1812 190
8 27 1 1157 125
8 12 2 1396 153
19 11 3 1364 145
19 19 4 1363 143
11 7 3 1454 152
24 26 2 1371 144
19 8 3 1432 148
24 16 1 1374 144
31 1 3 1423 152
8 3 3 1486 162
1 38 4 1522 161
14 22 2 1386 152
22 9 2 1526 164
22 16 1 1523 161
22 38 2 1613 167
9 25 1 1642 169
31 14 3 1423 149
38 0 1 1671 176
14 9 2 1386 148
0 19 2 1766 186
22 22 3 1612 171
19 31 3 1867 198
22 17 3 1718 187
19 3 3 1353 139
0 35 4 1541 161
38 18 3 1322 139
35 6 4 1617 174
38 12 2 1318 140
4 22 3 1401 148
6 5 4 1741 178
12 31 2 1401 146
22 33 1 1486 160
34 21 1 1451 153
31 28 4 1461 150
21 13 3 1531 156
28 3 3 1503 156
13 38 3 1562 159
3 0 4 1561 161
38 24 4 1595 171
0 33 4 1611 170
35 12 1 1453 156
24 13 3 1712 175
12 35 1 1564 162
16 14 4 1767 187
13 24 1 1756 184
32 22 2 1768 189
24 38 2 1843 192
20 19 3 1627 176
22 28 1 1897 198
38 20 4 1928 203
20 4 2 1627 174
21 25 2 1462 149
28 38 2 1983 204
32 21 2 1767 187
25 7 1 1494 156
35 33 1 1451 151
38 3 2 1157 129
38 4 2 1152 125
33 33 3 1514 158
3 21 2 1293 140
35 8 2 1441 149
31 14 3 1478 158
31 1 2 1477 155
8 33 3 1494 159
14 19 1 1583 167
18 25 3 1492 153
1 5 4 1553 162
19 11 3 1677 177
5 10 2 1623 167
9 29 2 1383 148
11 34 2 1776 186
10 39 4 1677 176
32 19 1 1653 173
8 19 3 1365 147
9 18 3 1385 147
19 21 3 1731 178
17 38 3 1558 166
19 35 4 1731 179
21 36 4 1783 183
16 7 4 1354 141
35 10 3 1798 188
37 9 2 1568 165
17 26 1 1551 160
10 2 2 1888 202
7 38 2 1305 136
26 38 1 1674 174
26 23 3 1601 168
26 32 3 1676 178
13 33 4 1596 167
1 16 1 1894 195
20 22 2 1488 158
16 38 2 1953 201
7 4 2 1623 172
12 9 1 1757 185
38 38 4 2015 214
9 18 1 1854 193
38 2 1 2143 224
18 35 3 1934 199
39 30 1 1643 171
39 9 4 1641 166
16 36 2 1967 204
35 32 1 1996 206
26 27 3 1661 173
32 2 2 2067 217
16 12 4 1963 200
2 37 1 2174 227
2 4 2 1858 200
19 17 3 1135 125
37 37 4 2278 236
17 24 3 1252 135
0 32 4 1114 122
37 38 3 2363 246
0 9 3 1113 122
22 0 1 1431 149
38 29 3 2465 253
19 28 3 1897 201
0 37 3 1491 151
28 22 3 2016 211
37 26 3 1515 158
31 12 4 1114 120
39 21 1 1614 172
31 32 2 1112 121
12 27 3 1202 125
38 19 3 1815 193
23 12 4 1081 117
30 39 2 1256 137
12 1 4 1172 122
32 0 3 1936 202
32 36 1 1933 201
1 9 3 1225 129
37 29 4 1958 206
36 7 4 2017 209
9 10 4 1293 139
37 26 3 1958 204
7 34 3 2096 216
27 0 4 1518 161
27 26 2 1515 163
34 19 1 2163 226
0 27 1 1616 169
19 7 1 2266 239
27 9 3 1696 178
3 25 3 1897 197
3 4 2 1891 197
25 32 1 1973 202
25 38 3 1972 201
4 33 4 1973 204
32 38 3 2026 215
38 6 1 2016 212
38 13 3 2155 226
38 20 3 2152 223
6 29 4 2122 220
13 5 3 2262 231
13 29 3 2263 235
5 4 2 2311 238
37 34 4 1144 125
4 34 2 2388 249
11 22 2 1626 172
34 34 2 2495 260
23 2 1 1934 204
34 32 4 2603 270
23 2 4 1933 198
32 11 1 2707 283
32 37 1 2704 280
16 27 1 1502 159
11 36 4 2837 293
37 30 3 2803 285
36 11 2 2932 303
17 17 4 1857 198
10 39 4 1765 184
10 13 3 1761 178
2 39 4 1722 177
32 14 3 1681 172
5 13 2 1665 179
39 38 4 1771 184
5 24 3 1662 172
28 1 1 1353 141
38 37 3 1841 192
24 34 1 1723 181
28 22 3 1357 150
35 7 4 1398 149
21 37 3 1758 191
15 15 4 1475 156
25 37 1 1606 173
15 4 2 1718 181
34 17 4 1688 183
10 18 2 1463 150
15 19 3 1505 158
17 6 1 1837 193
1 10 1 1555 168
1 0 3 1553 159
17 24 1 1511 155
10 8 2 1685 178
27 4 1 1416 154
6 13 1 1555 164
6 12 2 1552 163
4 30 3 1541 161
27 16 2 1527 160
27 13 2 1521 155
13 36 1 1642 170
12 22 4 1633 168
20 21 1 1684 177
13 34 2 1391 141
22 29 3 1684 177
22 32 1 1688 184
22 39 3 1453 153
12 38 3 1272 133
18 16 3 1442 148
39 23 3 1532 157
38 22 4 1333 140
18 2 1 1443 153
4 11 4 1704 180
23 34 3 1573 163
31 33 4 1326 139
2 6 4 1534 163
34 29 3 1341 142
33 29 4 1392 147
6 33 2 1633 174
29 3 3 1427 150
29 20 4 1473 154
24 34 3 1483 152
3 28 3 1507 162
14 26 3 1255 131
28 29 3 1626 174
34 20 4 1467 160
26 0 4 1312 138
29 15 4 1748 183
18 11 1 1191 122
39 0 3 1371 142
11 30 4 1222 125
11 16 3 1221 130
0 7 2 1428 156
34 6 2 1156 125
30 23 4 1251 130
34 10 2 1157 127
32 1 1 1403 150
6 11 1 1256 134
10 16 4 1276 141
23 30 1 1303 139
32 26 3 1407 149
16 14 1 1411 143
13 34 4 1037 117
28 35 3 1387 147
33 4 1 1942 200
33 7 1 1947 202
34 39 2 1172 120
22 27 3 1386 146
7 10 3 2023 213
7 12 4 2028 215
13 33 4 1732 179
28 2 1 1271 134
27 22 1 1462 150
27 23 2 1461 155
10 26 4 1607 173
14 15 1 1344 142
39 34 1 1203 131
2 32 2 1346 145
14 16 2 1344 141
22 8 1 1506 157
8 20 3 1877 200
0 9 1 1984 206
32 0 3 1453 152
0 13 3 1983 206
9 38 4 2063 216
0 5 1 1522 156
38 4 2 1173 121
38 6 4 2164 224
38 10 2 2165 223
13 9 1 1888 202
6 20 4 2247 236
31 34 4 1771 186
9 30 1 2021 205
16 35 3 1187 126
10 18 2 1182 123
30 10 4 2058 219
18 38 3 1232 127
10 37 3 1188 127
38 18 4 1276 138
37 35 2 1272 135
37 5 3 1275 139
0 20 1 1186 130
0 35 1 1183 129
5 21 4 1395 146
20 10 1 1304 138
4 10 1 1426 155
35 21 2 1071 113
30 4 3 2017 212
37 3 3 1173 124
21 7 1 1137 127
37 17 3 1174 125
31 2 2 1386 151
3 32 4 1247 136
4 2 3 1092 113
17 15 3 1251 129
34 3 4 1084 120
15 12 2 1294 141
28 0 3 996 110
15 26 1 1293 138
0 30 4 1101 116
3 14 1 1202 125
30 25 1 1161 121
14 0 1 1258 139
25 37 3 1218 137
2 18 4 1132 123
32 8 3 1361 141
32 28 1 1367 145
8 10 4 1417 152
2 0 3 1513 157
28 13 4 1453 153
17 35 3 1255 137
13 13 3 1535 165
35 2 2 1374 145
7 30 3 1271 130
4 32 2 2125 225
30 23 3 1301 138
21 1 1 1132 116
32 8 3 2258 238
10 18 3 1556 169
10 15 1 1382 148
1 37 2 1166 129
8 26 3 2381 247
10 21 4 1384 146
21 8 3 1468 158
35 20 1 1298 139
8 18 4 1586 165
20 17 3 1305 140
20 29 2 1391 146
20 15 3 1391 147
5 30 2 1392 144
35 18 3 1356 147
35 24 2 1354 145
18 7 2 1474 153
24 5 1 1452 148
7 21 1 1536 162
5 21 4 1486 158
21 18 4 1623 173
18 25 1 1387 147
25 39 4 1471 152
25 15 2 1475 160
38 14 2 1275 137
39 31 1 1527 164
10 39 1 2192 226
10 20 2 2196 233
31 35 1 1641 169
39 18 2 2262 236
20 20 2 2336 245
18 31 3 1235 132
18 22 4 2366 243
18 23 2 2363 242
35 24 4 1261 135
35 7 4 1262 133
23 14 1 2424 253
7 35 3 1338 145
30 33 1 2055 217
14 27 4 2534 263
35 36 1 1452 149
20 2 1 2364 243
34 20 4 1862 194
9 37 1 2022 207
10 15 4 2231 225
20 36 4 1945 201
10 38 4 2236 230
4 28 1 1211 129
36 27 3 2016 215
5 7 2 1566 170
38 7 4 2303 239
13 12 2 2065 212
13 9 3 2061 210
34 12 3 1317 141
20 28 2 2007 209
26 10 3 1732 180
12 26 1 1412 146
33 13 3 1791 185
15 36 2 1424 148
26 21 1 1468 155
13 14 4 1858 195
21 30 1 1556 166
21 38 3 1551 159
8 19 2 1573 165
20 2 1 2005 207
16 28 2 1417 156
23 16 2 1556 163
19 6 2 1658 176
2 3 1 2074 218
15 10 4 1426 155
28 1 4 1562 166
3 22 4 2181 225
12 24 1 2157 223
10 32 1 2131 221
10 25 2 2132 219
39 10 2 1208 130
10 9 4 1552 158
4 35 3 2005 206
4 25 4 2006 214
35 27 3 1475 158
34 24 2 1178 130
32 9 1 2216 234
35 20 3 1474 154
14 11 2 1431 148
26 5 3 1496 157
25 10 3 2191 223
30 37 2 1396 147
11 13 3 1486 156
9 6 2 1587 167
35 11 1 2067 214
30 11 3 1391 147
11 4 4 1344 146
16 26 3 1412 145
9 35 2 2347 249
20 39 1 1548 167
9 12 4 1586 171
5 38 2 1576 169
5 9 3 1577 168
6 21 4 1674 173
11 26 4 1345 141
6 1 1 1677 176
11 13 1 1471 153
1 14 4 1508 160
26 18 2 1453 151
10 34 3 1274 138
14 35 3 1607 172
12 36 3 1714 178
7 11 2 1561 163
7 19 2 1563 165
11 19 4 1631 167
16 4 2 1301 138
0 12 1 1423 149
30 39 1 1256 139
12 39 1 1495 162
15 34 4 1837 191
0 32 3 1386 151
20 7 3 1602 169
34 0 4 1917 200
34 28 2 1916 198
0 32 1 1387 150
26 12 4 1311 133
28 28 4 1628 178
32 18 2 1508 166
34 2 4 1525 165
34 2 2 1523 156
18 21 2 1662 174
20 18 3 1543 162
2 21 1 1567 169
20 7 2 1543 162
3 2 3 1505 158
29 33 2 1477 160
18 15 1 1623 172
33 24 1 1745 180
33 30 3 1748 187
29 32 3 1426 151
6 4 2 1634 171
34 27 3 1633 169
11 35 2 1805 191
11 30 1 1803 189
34 35 2 1631 171
2 9 1 1538 166
32 28 4 1843 195
16 13 2 1487 157
39 7 2 1537 168
9 0 3 1664 178
22 8 3 1406 153
34 2 1 1418 152
34 20 1 1417 155
32 7 3 1846 194
29 5 2 1773 181
20 29 4 1552 159
21 36 4 1777 192
21 16 4 1771 182
36 8 3 1704 180
16 8 1 1606 174
16 27 2 1822 190
13 16 4 1554 160
13 18 1 1556 163
30 34 4 1618 173
8 2 4 1782 182
8 36 3 1781 184
24 12 3 1556 164
36 26 4 1844 193
24 30 1 1551 163
0 38 1 1597 168
10 0 1 1684 180
6 32 4 1936 207
18 30 4 1505 162
19 37 1 1583 164
18 33 4 1503 158
17 33 3 1837 194
4 11 4 1816 195
4 16 4 1818 193
37 28 3 1737 181
22 9 1 1504 162
15 13 3 1566 165
37 9 4 1912 201
7 25 3 1496 157
1 34 1 1415 148
22 15 3 1507 161
34 17 2 1815 189
37 24 1 1923 198
38 22 3 1847 199
14 3 2 1722 182
13 5 3 1793 184
39 6 2 1774 188
39 18 2 1842 188
13 2 3 1782 184
17 0 3 1986 209
11 31 3 3037 316
30 33 2 2852 289
31 21 3 3166 323
30 16 1 2851 292
36 21 2 2936 303
27 30 4 1596 168
37 26 3 2805 286
30 21 4 1686 177
2 28 3 1987 210
2 38 2 1981 203
2 24 2 2041 212
34 29 3 2607 269
22 10 2 1727 184
24 3 3 2123 218
34 17 4 2497 259
34 23 4 1257 137
34 22 4 1254 132
29 24 1 2357 243
29 27 1 2356 249
29 3 2 2203 230
29 7 1 2201 226
20 17 4 2237 231
6 7 3 2123 217
33 17 4 2042 207
38 34 1 2012 207
4 15 1 1972 204
9 4 1 1783 183
7 22 1 2392 244
27 3 3 1696 179
19 19 2 2268 236
26 6 4 1637 171
0 0 1 1613 171
26 29 1 2045 217
26 19 4 2048 216
10 0 4 1395 147
29 17 4 2171 225
9 28 4 1294 137
29 33 1 2065 214
36 5 1 2013 205
0 13 4 2027 212
33 23 2 2142 222
1 32 4 1223 131
39 20 1 1372 144
32 38 2 1313 140
39 38 2 1375 146
12 38 2 1175 123
19 19 4 1934 205
27 4 1 1251 127
27 18 4 1255 133
21 37 3 1722 181
21 6 1 1725 179
32 10 2 1216 130
12 29 1 1205 131
26 16 4 1583 167
26 34 1 1586 168
10 20 3 1308 144
22 22 3 2114 216
22 35 1 2112 217
37 12 3 1518 164
28 6 3 2017 214
29 30 3 2536 263
6 11 2 2144 220
9 13 3 1224 128
9 29 2 1228 138
32 33 2 1222 125
32 29 4 1227 130
24 3 2 1351 143
37 21 1 2367 246
17 31 2 1252 129
4 35 3 2005 207
37 15 2 2272 234
12 31 4 2001 204
27 10 2 1734 179
32 6 3 2067 216
9 22 4 1661 169
36 18 4 2046 211
30 30 1 1713 178
35 34 2 1991 206
2 39 2 2245 236
2 15 3 2246 237
18 1 2 1938 205
38 18 4 2146 223
9 39 4 1856 198
4 11 4 1722 181
18 8 3 2234 234
22 24 4 1582 165
22 14 2 1583 164
16 14 3 1956 202
33 30 3 1678 176
33 34 2 1672 177
32 35 1 1784 189
23 14 4 1688 181
38 12 4 1367 147
38 30 2 1744 182
23 4 4 1682 174
2 25 2 2022 211
9 18 1 1657 176
9 17 4 1656 175
25 32 4 2112 219
7 12 4 1418 157
32 2 2 2196 231
7 27 4 1412 148
36 10 1 1834 195
35 39 2 1792 183
38 33 4 1668 177
18 6 3 1475 155
19 34 4 1476 156
19 22 3 1474 152
6 10 3 1553 161
34 15 1 1862 192
39 26 3 1765 183
34 38 4 1868 201
29 1 2 1486 161
26 18 4 1836 197
5 15 4 1624 171
18 5 3 1972 203
25 18 2 1532 162
33 28 1 1594 169
33 24 3 1595 171
14 19 1 1587 166
21 35 1 1402 146
33 22 1 1585 164
4 2 2 1254 135
21 27 1 1405 149
3 34 2 1295 138
7 39 4 1564 163
7 17 4 1561 163
21 12 1 1873 197
38 30 4 2043 211
21 0 4 1875 193
12 23 4 1973 203
38 16 3 2047 218
4 18 2 1746 183
20 22 1 2038 219
20 24 2 2033 207
19 22 4 1765 187
38 4 1 1923 198
22 23 3 1897 202
24 15 4 1845 191
14 37 1 1872 191
35 39 2 1628 174
13 34 2 1757 189
33 21 1 1703 177
24 30 4 1712 174
0 33 4 1617 169
3 39 3 1561 159
21 0 4 1774 187
13 30 1 1561 163
28 6 1 1507 163
21 10 3 1538 165
33 33 1 1607 170
33 17 4 1608 170
31 1 2 1463 154
5 3 4 1782 185
5 0 2 1782 181
12 7 4 1406 154
18 22 4 1397 153
18 13 2 1392 145
35 37 3 1611 164
3 8 1 1398 151
17 17 3 1873 197
13 15 1 1451 150
3 22 1 1392 146
31 14 1 1984 209
31 7 3 1984 207
22 39 1 1714 181
19 37 1 1864 194
9 6 4 1481 154
9 21 1 1488 157
14 32 3 1491 154
25 23 4 1698 179
14 25 4 1495 159
38 13 3 1674 176
16 7 3 1618 177
38 9 2 1612 171
3 39 1 1625 174
1 10 3 1528 165
16 31 3 1447 157
8 24 4 1483 154
26 23 4 1445 152
7 31 1 1528 161
19 23 4 1436 153
12 31 4 1531 161
27 10 4 1253 131
12 21 1 1531 161
27 25 1 1253 136
4 30 3 1901 197
6 8 4 1465 154
8 13 4 1156 128
18 10 4 1811 187
12 16 4 1116 120
12 35 1 1112 115
38 36 1 1095 115
17 28 2 1663 173
39 1 1 987 109
19 37 2 1456 152
19 32 2 1455 155
24 0 4 1437 151
14 33 4 1433 149
24 27 3 1438 152
0 31 3 1516 164
0 20 2 1514 157
32 32 1 1553 162
32 32 2 1555 168
37 7 1 1524 164
37 35 4 1524 159
1 25 2 1093 120
28 39 4 1735 185
36 23 3 1158 124
35 10 3 1151 123
16 25 4 1203 126
16 5 2 1205 127
10 26 2 1874 197
13 21 4 1286 135
8 31 1 1546 167
8 22 4 1548 169
30 34 3 1978 207
30 6 4 1973 204
25 3 3 1365 147
10 22 2 1316 145
25 12 4 1367 150
21 9 3 1611 167
23 17 1 1531 162
31 22 3 1613 165
31 3 2 1617 172
23 36 1 1533 164
23 16 2 1522 162
23 29 1 1524 163
24 13 4 1547 168
24 8 4 1546 164
31 19 1 1577 168
31 15 1 1573 168
10 24 1 1653 172
10 36 2 1651 170
39 10 3 1743 184
39 14 1 1743 179
9 23 2 1717 179
9 24 3 1718 187
7 5 2 1776 190
25 39 3 1593 164
25 3 2 1595 168
13 38 4 1762 184
21 26 2 1572 163
23 25 2 1796 190
23 24 4 1794 188
32 0 1 1546 164
25 7 4 1901 195
6 8 4 1545 164
21 16 3 1572 166
8 27 1 1648 174
6 33 2 1543 163
37 38 3 1945 201
16 0 1 1667 174
37 12 4 1941 198
33 14 1 1634 175
7 20 3 2077 215
38 25 1 2012 207
39 0 1 1816 194
14 14 4 2093 219
15 29 3 1501 155
17 21 1 1976 210
25 7 1 2074 218
22 38 1 1461 152
15 18 3 1508 166
8 4 1 1515 162
37 6 2 1646 172
29 25 2 1552 163
37 34 3 1644 173
29 18 4 1553 159
22 27 3 1537 164
7 33 4 1548 165
0 14 2 1812 186
7 6 3 1542 159
18 32 3 1665 179
0 18 4 1814 192
3 7 4 1858 197
3 9 3 1857 196
1 14 3 1542 159
17 8 3 1705 183
1 32 4 1544 165
33 21 4 1704 181
33 13 3 1708 182
10 9 3 1656 173
21 13 4 1812 188
10 30 4 1652 171
6 7 4 1637 177
6 9 4 1635 175
30 1 2 1634 172
0 11 4 1872 197
33 15 4 1693 180
39 39 3 1591 161
33 25 3 1693 179
30 11 1 1741 183
30 1 4 1745 187
34 2 2 1891 197
39 21 2 1746 187
37 12 4 1911 194
15 13 4 1912 198
23 31 2 2028 212
13 14 1 1984 209
22 13 4 1878 200
4 30 2 1982 204
22 6 3 1877 201
31 20 3 2122 221
22 34 1 2198 229
24 34 1 2077 217
22 24 3 2194 228
18 25 2 1837 192
18 7 1 1836 196
16 29 3 2185 225
0 9 2 1933 199
23 25 3 2035 216
25 16 1 1922 199
0 39 2 1936 203
30 6 1 2112 215
30 11 4 2117 223
12 25 2 1978 207
17 33 4 1638 177
17 4 3 1638 174
39 29 2 1633 174
39 38 1 1635 176
34 30 2 1387 149
29 13 3 1743 178
29 5 4 1746 186
34 35 3 1384 148
27 10 2 1495 157
30 20 3 1497 161
5 38 2 1868 202
2 15 1 1354 146
2 34 3 1355 148
35 18 1 1465 157
35 36 2 1461 150
18 19 2 1577 171
22 28 2 1643 175
19 18 1 1717 179
19 17 4 1716 179
19 11 4 1668 179
18 4 1 1798 192
24 29 1 1712 177
28 13 2 1691 172
4 6 3 1926 200
28 20 1 1692 174
4 30 1 1925 200
18 10 3 1626 174
18 28 3 1628 174
20 3 1 1743 183
5 10 2 2034 210
5 21 3 2038 219
15 28 2 1711 173
15 15 3 1717 183
18 1 1 1976 208
1 30 1 1616 173
38 21 2 2012 206
26 3 1 1831 189
15 20 2 1924 198
15 35 4 1928 201
1 0 2 2081 214
10 7 4 1615 167
10 32 3 1614 167
22 20 3 1526 166
3 10 3 1892 198
34 16 4 1564 165
22 28 4 1527 167
3 27 2 1892 196
33 1 2 1775 186
6 14 3 1555 161
39 28 4 1837 194
27 12 2 1966 207
10 6 2 1952 198
10 23 2 1955 201
27 5 2 1483 154
27 30 4 1485 155
2 36 3 2313 239
5 10 3 1548 165
12 24 1 1572 167
12 6 1 1571 166
28 0 4 1948 209
32 34 3 2198 231
17 34 3 1752 183
18 12 1 1763 180
18 33 1 1762 179
25 19 3 2115 218
4 15 3 1745 182
30 26 1 1822 190
30 31 1 1826 196
12 17 4 1473 154
14 17 2 1812 187
12 11 1 1474 153
35 23 4 1898 200
35 5 3 1893 196
34 19 3 1774 186
30 1 2 1761 184
14 11 3 2021 205
14 12 3 1647 173
24 32 1 1655 172
8 1 1 2344 245
11 27 3 1816 190
11 24 4 1813 192
39 20 4 1984 206
39 20 4 1983 203
18 20 1 2231 225
20 29 2 2036 212
15 3 4 2371 244
1 4 3 2058 217
1 3 1 2053 211
3 6 4 2441 249
39 12 1 2367 250
6 15 1 2492 254
39 35 2 2368 250
34 23 4 2067 219
30 32 4 1781 185
34 27 4 2064 215
18 11 3 2118 220
22 14 2 1695 180
6 5 3 2162 226
6 24 1 2168 232
10 25 1 1794 191
10 30 1 1793 184
31 3 2 2047 212
31 2 4 2045 215
35 7 2 2075 220
15 1 2 2344 240
2 25 2 2158 224
31 12 1 1296 138
21 37 1 2461 252
3 22 2 1433 148
29 29 1 1301 139
21 4 2 2465 259
3 25 2 1431 148
33 9 3 1251 130
29 19 2 1383 144
13 37 4 1285 138
11 13 1 2208 236
11 12 4 2202 227
30 14 2 2635 272
30 32 2 2636 273
6 16 4 2141 223
12 14 1 1648 176
12 10 1 1642 173
35 12 4 2171 223
35 7 2 2172 221
22 34 3 2161 218
22 29 2 2165 225
20 2 3 1441 149
34 26 3 1688 183
16 16 3 1675 173
16 8 4 1671 173
29 26 4 1315 140
29 35 2 1313 138
10 39 1 1301 137
6 36 4 1798 193
6 39 4 1798 192
37 13 3 1812 187
37 5 4 1813 192
18 37 3 1335 141
39 1 4 1925 198
5 9 2 1928 201
18 32 2 1338 145
4 24 2 1276 140
9 26 2 2014 206
4 36 4 1274 132
32 33 1 1458 160
19 18 1 2056 216
19 1 3 2056 215
38 27 1 1237 132
38 5 3 1465 158
38 6 4 1405 153
20 5 3 1448 158
32 3 4 1316 142
23 27 3 2226 231
5 20 1 1583 165
27 0 2 2313 240
23 33 1 2226 234
13 10 1 2126 219
5 16 3 2053 215
33 23 4 2143 225
28 12 3 1378 146
28 0 3 1371 139
17 39 3 2251 228
0 38 3 1477 158
17 9 2 2254 234
19 18 1 2161 222
29 9 3 2171 224
0 36 4 1711 175
6 22 4 1718 186
19 12 2 2368 252
3 38 3 1793 187
3 33 3 1791 188
22 10 2 2448 254
22 11 3 2447 256
4 9 3 1836 190
33 17 2 1885 196
15 27 1 2043 211
4 36 3 1838 196
34 17 2 2072 210
17 17 2 2076 221
17 35 3 2074 215
7 24 3 2171 222
17 36 1 2312 237
7 37 4 2261 231
7 31 1 2265 235
3 32 4 2308 244
3 27 3 2305 242
27 29 2 2497 258
31 15 2 2357 247
24 6 4 2437 255
22 23 1 1322 140
23 30 4 1373 142
17 28 3 2595 271
23 24 1 1371 139
17 12 2 2597 272
3 30 4 2185 228
3 39 4 2186 230
24 7 2 1396 153
10 22 2 1844 191
10 11 4 1845 191
29 14 3 2691 278
29 27 3 2697 283
24 8 4 2128 225
38 31 3 2034 215
28 9 4 2104 219
21 7 1 1778 193
26 14 3 2864 294
26 39 3 2864 293
30 7 1 1683 178
21 15 4 3031 310
16 6 1 2921 298
16 22 3 2928 308
21 20 3 3237 333
33 22 3 2898 302
33 11 1 2892 292
0 36 3 2094 221
2 24 2 1846 191
18 22 3 1883 196
18 13 3 1885 197
6 20 1 1882 191
5 9 1 1848 194
5 2 1 1847 197
3 1 1 1824 187
3 1 1 1828 194
22 19 1 1992 205
22 14 3 1997 209
24 14 2 1985 209
19 7 1 2054 213
24 9 4 1986 205
17 30 2 1895 200
15 20 1 1616 174
14 38 2 2096 220
15 16 3 1614 170
34 37 1 1484 154
34 16 2 1481 151
20 16 2 1745 180
30 8 1 2002 204
16 11 2 1707 185
16 20 1 1701 175
25 32 2 1575 169
37 23 2 1542 158
25 17 4 1576 168
16 36 3 1804 190
13 3 1 1651 172
9 38 3 2013 206
9 0 4 1628 172
9 9 1 1623 173
28 23 3 1816 193
16 0 1 1931 199
11 2 2 1952 204
33 27 3 1947 208
16 36 2 1937 204
33 35 1 1581 167
37 14 1 1647 178
33 31 1 1588 172
30 15 2 1624 173
32 10 4 2073 216
0 32 4 1803 188
32 31 4 2076 216
0 1 3 1804 186
38 21 2 1682 173
30 29 2 1638 176
12 14 2 1645 176
26 31 4 1932 197
26 6 2 1931 198
36 19 4 1844 189
2 39 3 1825 193
14 38 2 1781 182
34 13 3 1738 184
39 34 4 1935 200
2 21 2 1822 185
34 26 4 1732 181
18 18 1 1634 170
34 9 2 2006 207
18 37 1 1632 171
16 18 4 1602 166
16 3 1 1605 167
27 29 3 1902 200
8 36 3 1748 185
8 3 4 1805 190
8 33 2 1743 184
36 28 2 1921 194
16 20 3 1826 192
36 15 4 1854 195
36 35 2 1851 192
5 6 1 1817 191
5 9 1 1818 190
29 28 2 1596 166
29 38 4 1597 173
7 19 3 1945 201
20 14 2 1557 170
2 15 2 1525 163
2 37 4 1527 167
8 13 3 1532 161
8 30 3 1537 164
0 15 4 1788 192
7 25 2 1684 175
13 35 1 1572 160
28 7 4 1956 205
9 31 4 1666 180
30 35 2 1892 198
35 37 2 1712 178
35 5 4 1916 203
35 32 1 1917 206
27 16 3 1697 184
4 28 3 1716 183
4 32 2 1714 180
32 10 4 1514 157
30 24 1 1871 190
24 30 4 1808 195
2 31 4 1581 163
33 6 2 1606 169
15 6 1 1722 177
15 19 2 1725 184
7 22 4 1627 173
21 33 4 1697 180
18 16 2 1626 173
21 39 3 1694 176
21 25 2 1742 179
21 8 1 1748 188
24 39 1 1904 196
2 11 2 1651 170
2 7 1 1561 162
39 4 1 1761 179
2 11 3 1652 169
18 21 2 1668 180
12 26 2 1331 138
28 25 4 1787 188
28 24 4 1782 188
12 36 4 1331 139
32 25 3 1502 153
28 14 2 1988 211
7 12 2 1698 184
0 20 2 2006 212
7 22 4 1697 177
32 20 4 1515 162
39 13 3 1621 165
39 9 3 1395 146
39 12 1 1397 148
12 15 2 1493 158
4 34 4 1385 146
19 14 3 1651 167
19 7 4 1675 176
14 37 2 1677 177
11 15 1 1634 171
1 29 3 1762 179
18 30 3 1511 154
29 28 4 1792 186
13 8 4 1534 161
39 27 1 1676 175
13 37 3 1533 157
18 1 3 1514 162
34 32 1 1388 147
36 7 2 1784 190
35 5 3 1726 183
36 17 1 1787 193
1 10 1 1767 186
21 29 4 1734 180
21 31 1 1735 183
35 38 1 2497 259
26 19 1 1418 155
26 34 3 1414 153
25 6 1 2142 220
38 31 4 1694 176
12 4 4 1715 183
35 5 2 2491 256
9 35 2 1688 182
4 26 3 1834 192
4 1 3 1467 156
26 20 2 1457 156
11 28 4 2143 224
4 38 3 1467 154
13 12 1 1568 167
38 0 1 1547 168
11 32 1 2148 224
11 11 3 1475 153
10 9 4 2238 237
32 30 2 2242 228
37 25 4 1478 157
11 1 2 1488 161
25 10 2 2196 226
24 30 1 1303 135
27 8 4 1585 167
9 35 1 2345 247
25 25 2 2144 221
13 7 4 1564 164
35 34 1 2068 220
10 2 3 1303 134
32 9 3 2216 231
24 17 2 2235 233
1 37 3 1663 175
24 36 4 2233 234
22 12 3 2255 237
6 34 1 1763 182
28 27 4 1565 169
16 16 4 1632 167
16 38 3 1638 172
19 6 1 1652 169
27 37 3 1691 171
38 11 3 1595 167
30 32 1 1667 174
30 2 1 1662 172
14 4 1 1953 200
14 9 1 1952 200
36 21 4 1487 160
13 28 3 1853 194
26 33 3 1465 155
10 36 3 1805 191
28 12 1 2091 211
28 31 3 1943 201
12 32 3 1418 152
9 4 4 2106 217
9 21 1 2108 219
7 26 4 2395 249
12 11 2 2122 215
7 6 3 1708 185
27 16 1 2156 227
28 9 3 1293 136
28 20 3 1296 137
36 32 4 2013 206
15 33 4 2251 228
37 20 4 2074 214
20 3 3 1942 204
2 32 1 2435 253
36 29 4 1498 159
20 12 4 2146 223
32 28 4 2538 262
36 28 3 1493 160
27 6 3 2635 272
33 34 4 2177 230
35 27 4 1455 155
14 38 4 2536 261
7 30 3 1332 142
24 31 2 1358 151
23 0 3 2422 247
22 5 4 2433 247
20 7 4 2453 255
31 29 4 1323 141
35 17 3 1696 178
39 28 1 2267 239
31 34 4 1645 177
14 13 4 1374 145
14 17 3 1376 145
15 29 2 1604 172
18 8 1 1738 188
18 20 1 1734 182
21 27 4 1587 171
21 37 1 1581 166
21 20 1 1622 170
5 23 4 1487 160
7 14 4 1538 168
24 21 1 1455 152
18 0 4 1478 161
30 14 2 1446 157
14 7 3 1683 174
30 8 1 1444 152
15 39 3 1471 152
29 2 2 1467 154
29 21 2 1465 154
17 5 3 1405 147
18 15 4 1654 177
21 7 3 1465 154
5 29 4 1471 152
26 37 1 2476 260
37 12 4 1297 137
37 11 4 1293 138
18 31 3 1698 180
18 6 1 1695 181
15 36 3 1488 159
31 0 3 1808 192
23 6 3 1384 143
32 4 2 2254 234
23 7 3 1386 150
6 18 3 1432 146
30 2 4 1306 139
18 8 2 1463 155
2 33 4 1457 159
13 16 1 1657 177
13 14 1 1655 174
35 3 2 1376 150
14 23 4 1745 186
13 25 2 1536 167
0 29 2 1573 164
10 38 4 1525 159
10 34 3 1527 166
28 39 1 1458 157
8 31 3 1411 143
18 17 2 1231 129
18 14 1 1232 126
37 10 4 1378 152
0 17 1 1394 150
0 30 3 1391 148
25 28 1 1215 131
14 3 1 1256 132
26 27 1 1387 148
12 2 1 1416 155
3 12 1 1208 135
27 20 1 1485 161
27 32 2 1487 156
3 18 2 1321 136
3 23 1 1326 140
28 3 4 1315 143
28 37 1 1317 144
30 38 4 1484 155
30 9 3 1484 160
17 36 1 1507 165
10 38 4 1527 161
10 1 2 1528 162
14 6 1 1267 135
14 37 4 1262 132
17 5 2 1291 133
31 32 2 1435 152
31 35 1 1434 148
39 17 3 1572 162
32 20 2 1526 159
34 35 1 1663 174
34 33 2 1668 181
38 2 4 1593 165
35 19 2 1745 180
29 30 4 1647 176
29 19 2 1647 176
25 15 3 1677 176
23 10 3 1863 190
3 5 1 1504 158
3 31 1 1504 161
14 8 1 1748 184
16 10 2 1777 186
16 13 1 1772 180
33 34 4 1592 166
8 23 2 1551 161
2 25 2 1397 149
2 24 3 1392 149
18 8 2 1463 153
7 36 1 1501 154
7 29 4 1504 159
4 25 1 2342 244
8 32 3 1537 162
36 32 3 1548 169
6 23 1 1436 154
36 12 3 1596 169
0 27 1 1922 202
6 22 3 1811 190
36 14 1 1598 171
31 1 2 1807 193
11 2 3 1381 147
11 36 3 1382 143
12 3 1 1371 144
12 35 4 1377 146
37 0 4 2604 268
29 8 1 1527 165
29 3 2 1522 160
7 21 2 1548 163
15 28 1 1773 182
15 21 4 1771 185
5 7 2 1474 152
21 33 4 1548 170
21 36 1 1546 167
2 9 1 1543 161
39 7 2 1526 159
39 4 2 1523 159
36 26 4 1678 181
8 32 1 1528 165
26 35 1 1817 194
7 15 1 1744 180
14 24 2 1573 161
35 24 2 1946 204
0 32 1 1617 173
21 33 3 1524 163
23 11 1 1603 164
37 5 3 1661 172
20 1 2 1702 178
37 1 1 1665 178
27 12 3 1714 181
27 13 2 1717 180
20 3 4 1828 196
20 21 2 1823 186
13 35 2 1803 190
8 29 1 1883 197
8 24 3 1881 191
29 29 3 1728 185
17 36 2 1458 160
13 20 3 1455 156
34 35 2 1774 185
34 37 4 1771 182
20 0 2 1563 167
28 36 4 2393 249
28 4 4 2392 248
17 8 4 1786 191
17 8 1 1786 189
29 5 1 1415 152
29 7 2 1413 145
7 36 1 2558 268
5 35 2 1527 164
5 11 4 2476 258
0 3 3 2472 257
0 9 4 2473 256
31 24 2 1511 160
30 32 2 1427 155
31 30 2 1515 163
38 14 2 2612 270
38 1 2 2615 270
27 5 1 1552 164
27 17 1 1553 166
34 39 1 2302 238
6 32 3 2721 280
28 17 3 1604 167
28 35 4 2628 273
12 31 3 2237 235
29 1 3 1597 174
32 26 4 2533 262
33 25 3 2282 233
3 4 3 2046 211
32 10 4 2064 216
20 12 1 1375 147
20 4 4 1371 146
9 26 1 1364 141
9 25 3 1363 140
16 30 3 2276 240
26 3 2 1414 153
6 19 4 1851 191
6 0 1 1855 198
11 27 1 2153 224
26 37 4 2495 259
26 12 1 2491 253
21 21 3 2198 232
4 30 3 2174 222
4 25 2 2172 224
32 1 4 1525 165
31 19 4 2014 213
32 9 2 1526 161
12 3 4 2117 222
36 38 4 1912 197
36 0 3 1913 198
33 30 2 1555 163
28 25 1 1942 198
21 29 3 1605 173
9 10 3 2004 205
21 33 3 1607 171
9 32 4 2001 205
4 5 1 2006 212
4 12 1 2006 211
2 20 1 1728 182
32 0 3 1746 183
11 36 1 1676 175
32 1 4 1742 183
37 38 2 1712 176
37 29 3 1713 175
6 39 4 1697 183
38 25 1 1727 184
38 7 1 1723 183
16 15 1 1676 177
12 25 3 2374 249
34 34 3 1822 192
12 4 1 2371 243
36 34 4 2345 242
36 36 4 2343 243
37 17 1 1752 179
37 13 4 1756 189
17 7 3 2331 240
17 5 1 2335 241
2 15 4 1345 141
9 25 4 2318 241
7 17 3 1644 175
34 27 3 2205 228
17 1 2 1751 182
25 22 2 2214 226
7 21 3 1644 173
35 26 2 2472 255
35 31 1 2474 254
8 30 1 1677 175
30 12 2 1357 143
10 20 4 2267 239
10 35 4 2267 238
1 39 2 1614 173
1 4 2 1612 166
25 9 4 1574 164
30 28 1 2283 236
9 29 1 2378 246
30 37 2 2282 236
9 2 2 2376 251
11 38 3 1534 164
28 31 1 2361 245
11 38 4 1534 159
32 38 2 2241 227
31 0 1 2454 250
38 20 4 1592 168
38 13 4 2272 234
0 7 4 1686 181
12 3 3 1672 177
12 22 2 1673 177
13 19 4 2345 240
38 29 4 1548 168
3 20 3 1776 188
28 7 1 2242 233
20 17 2 1561 159
1 16 4 1563 165
35 37 3 1827 193
26 32 4 1923 198
35 1 4 1822 190
5 27 2 2563 264
31 20 3 1761 181
4 29 1 1837 192
31 14 4 1767 187
34 28 3 1538 164
14 6 4 1874 194
6 28 2 2202 225
34 27 2 1538 168
19 33 3 1554 163
19 15 2 1553 160
31 7 1 1831 187
38 33 3 2594 267
29 12 3 1808 194
10 23 2 1865 195
17 1 4 1935 201
17 6 3 1937 205
5 14 4 1837 194
7 8 4 1901 198
7 30 1 1906 204
32 39 2 1474 154
32 15 3 1475 155
1 22 2 1624 171
37 36 3 1574 164
27 32 2 1757 186
27 3 3 1754 181
8 21 2 1616 175
8 23 4 1613 172
29 27 2 1798 193
28 24 1 1867 201
30 8 2 1543 160
15 0 4 1718 180
37 16 2 1773 185
7 27 4 1761 183
14 21 4 1673 175
7 8 4 1762 185
27 37 4 1832 193
34 23 2 1466 155
12 27 2 1482 154
15 34 4 1586 169
12 6 1 1485 159
27 28 2 1543 165
9 3 4 1466 160
9 8 2 1465 158
20 2 2 1627 173
13 37 3 1655 174
22 26 4 1772 183
2 6 4 1733 179
22 13 1 1775 188
20 8 3 2124 221
12 1 4 1846 196
14 36 2 2114 221
25 29 2 1532 156
36 5 3 1393 144
36 16 3 2215 230
24 4 4 1881 195
24 33 1 1886 202
25 1 4 1885 200
4 25 3 1958 205
25 13 3 1886 202
26 14 1 1384 146
26 36 3 1384 143
21 28 4 1804 189
21 32 2 1805 186
11 13 2 1696 182
4 33 2 1798 195
4 15 2 1792 182
39 19 4 1963 200
7 31 4 1628 177
11 4 2 1702 175
8 33 3 1882 193
11 14 2 1708 185
39 20 1 1767 184
28 32 4 1831 185
8 29 3 1885 201
10 19 1 1574 163
25 21 1 1798 192
32 15 3 1804 190
30 4 1 1953 205
37 25 4 1785 188
5 21 4 2038 212
5 19 3 2033 214
31 9 4 1636 171
6 35 2 1696 180
6 10 2 1692 179
19 32 3 1848 194
22 10 2 1731 175
6 37 1 1776 184
19 11 1 1841 188
33 11 1 1808 189
16 38 2 1734 185
33 8 4 1804 192
16 1 4 1731 179
22 24 3 1735 180
10 9 2 1574 166
7 2 4 2054 213
16 20 3 1841 189
32 19 1 2063 217
31 17 2 1638 176
25 1 1 1755 188
30 36 1 1952 202
35 26 1 1986 208
1 10 2 1885 198
35 38 4 1984 204
31 21 4 1808 190
32 33 2 2068 222
7 36 1 2053 209
35 36 2 1601 163
35 31 2 1601 166
25 6 3 1758 184
30 18 4 1648 173
6 30 4 1843 193
15 24 2 1928 206
15 4 2 1922 197
30 25 3 1645 177
37 22 4 1675 177
25 31 1 1773 187
13 32 4 1613 165
15 38 4 1636 173
19 21 2 2011 204
14 10 4 1702 179
19 39 4 2016 214
37 0 3 1677 176
38 6 4 1736 186
9 24 2 1908 206
0 37 2 1764 184
28 9 3 1663 172
38 20 2 1736 182
9 6 2 1902 193
35 34 4 1921 196
15 25 1 1955 204
6 2 1 1913 197
33 29 2 1846 191
20 12 2 1925 198
28 22 1 1948 210
12 2 4 1981 207
33 0 1 1847 195
3 0 2 1906 198
3 19 2 1907 202
29 39 2 2004 209
3 21 2 1675 174
18 21 1 1661 168
37 9 3 1712 177
18 16 1 1706 184
9 11 3 2072 217
26 23 2 1813 192
26 0 1 1812 186
21 5 2 1858 198
34 4 2 2002 205
13 21 3 1842 194
13 37 4 1847 197
38 24 1 1828 197
38 21 4 1821 191
31 23 2 2161 224
32 36 2 1887 200
29 34 4 1763 186
14 25 1 1767 185
21 15 3 1731 176
21 2 1 1732 181
31 36 3 1978 212
31 11 3 1977 206
19 5 2 1898 199
6 29 3 1988 212
6 13 3 1985 206
1 2 2 1865 193
15 15 2 1734 185
10 39 1 2163 221
15 4 2 1733 181
32 22 4 1886 195
10 23 4 2167 225
31 26 1 1722 177
35 9 3 1673 172
36 4 4 2041 209
27 29 3 2088 218
14 26 1 1782 185
23 32 4 1585 171
35 1 1 1678 180
0 8 4 1991 202
36 38 1 2043 214
27 24 1 2082 211
2 24 3 2045 212
2 33 1 2043 215
0 30 2 1992 208
23 7 3 1937 208
36 24 1 1908 202
9 31 1 1732 179
17 16 2 1681 176
20 26 1 1751 179
0 4 3 1721 177
3 12 4 1727 181
3 18 1 1722 182
36 22 4 1902 194
23 18 2 1934 204
11 1 4 1852 193
9 22 3 1735 186
32 13 3 1695 182
38 15 4 2061 214
23 4 1 1586 166
20 5 3 1754 184
11 12 1 1856 192
16 12 3 1803 191
8 14 4 2044 216
5 10 2 1845 191
16 0 3 1514 161
16 5 2 1516 158
30 19 1 2005 210
38 3 1 2203 224
7 24 3 2131 218
9 30 3 2057 214
14 17 4 2091 211
14 20 4 2095 222
19 38 4 2057 217
1 35 2 1947 209
1 2 1 1947 207
1 13 1 1877 202
1 26 3 1872 196
2 3 1 1977 206
9 7 4 1941 196
9 5 2 1948 204
20 24 4 1915 203
13 21 1 1972 205
22 28 3 1967 207
22 9 4 1965 207
24 5 2 1912 198
24 29 3 1916 199
36 15 2 2214 228
36 14 1 2217 230
22 33 2 3081 314
20 35 4 3338 342
20 7 3 3336 341
22 2 3 3028 311
11 15 4 2926 303
22 25 4 3022 307
7 25 3 1783 185
6 39 3 2985 309
6 3 2 2983 308
22 34 3 3088 322
7 2 3 1786 187
15 22 4 3107 318
14 20 2 2945 304
39 36 4 2932 297
22 2 2 3187 329
14 23 1 2946 308
36 0 4 2974 304
39 32 4 2934 299
7 17 4 1935 204
9 36 1 2196 232
7 21 2 1932 197
9 6 3 2198 229
31 23 3 2155 227
14 15 4 2782 287
27 37 1 2836 297
8 4 1 2253 234
22 1 2 1912 194
11 8 3 1917 205
7 22 2 1534 158
1 9 4 1943 198
11 13 1 1912 194
39 35 1 2302 235
12 3 1 2727 283
30 32 2 2283 236
24 35 4 1393 146
28 4 1 2716 279
30 14 2 1421 150
28 30 2 2717 283
30 30 1 1422 148
23 6 2 1407 150
23 13 4 1402 150
6 0 3 2556 263
6 31 1 2558 265
15 33 2 2478 259
29 4 4 2587 270
15 33 1 2476 255
27 32 4 2427 254
32 22 1 2442 251
31 17 3 2353 244
32 26 2 2541 263
37 27 1 2311 236
37 22 2 2311 236
24 31 2 2223 232
36 2 3 2378 246
35 32 2 2155 222
17 9 1 2214 228
24 32 2 2225 234
35 32 2 2155 225
17 0 4 2107 224
36 32 1 1965 207
17 21 3 2108 221
27 20 2 2118 224
27 16 4 2116 221
17 11 2 1964 202
17 3 3 1966 206
9 36 3 1905 201
9 26 1 1902 198
10 30 4 2543 264
11 29 2 2566 263
12 34 1 2526 264
22 10 1 1865 192
38 5 2 1878 199
38 14 2 1877 202
22 1 4 1866 199
9 31 2 2241 227
9 35 3 2242 234
36 37 4 1755 187
18 0 3 2227 235
9 11 3 2345 243
18 5 3 2224 228
9 35 4 2341 241
38 16 1 1584 166
38 10 3 1586 168
39 18 3 2284 234
0 16 2 1394 146
0 31 4 1391 143
12 1 1 1467 159
12 37 2 1467 158
23 28 4 2255 232
10 30 4 2198 233
16 2 4 2158 227
16 3 2 2153 225
33 1 3 2341 240
0 0 2 2408 249
20 8 4 1657 175
20 14 3 1656 173
3 18 3 1421 147
3 38 1 1421 147
5 35 2 1585 165
6 34 3 1533 164
6 39 1 1533 164
5 18 4 1588 171
27 35 4 1324 144
1 10 3 2151 223
18 6 3 2162 226
18 38 2 2165 227
36 12 4 1322 138
33 28 4 1605 166
33 16 1 1602 164
26 7 1 2065 215
26 13 1 2061 212
24 14 2 1402 145
32 29 1 1458 158
5 3 2 1922 201
1 9 1 1981 203
37 19 2 1412 144
13 28 2 1878 196
39 36 2 1924 198
36 33 1 1936 205
36 13 4 1934 202
39 11 4 1372 142
35 35 2 1385 144
39 36 4 1377 145
35 23 3 1381 145
26 15 1 1401 147
26 32 2 1403 146
8 18 4 1732 180
8 28 2 1731 177
16 20 1 1736 185
16 7 3 1737 187
26 18 2 1832 192
2 7 4 1492 155
2 29 2 1492 154
29 5 2 2252 228
34 38 1 2188 230
7 3 1 2214 230
7 25 2 2211 227
12 36 2 2235 236
10 35 1 1734 185
10 39 1 1736 184
14 2 2 1767 190
16 0 3 2234 232
32 1 3 2735 286
0 18 1 2327 240
14 37 4 2722 280
14 4 4 2723 276
12 33 3 2275 239
12 30 3 2271 236
13 23 4 2362 241
13 24 3 2363 246
23 33 4 2417 254
37 10 1 1385 145
37 2 4 1382 145
9 24 2 1301 137
19 18 1 1448 153
37 4 1 2521 255
25 38 2 2248 233
25 37 1 1486 157
29 5 1 1393 150
22 38 2 1484 154
37 26 3 2526 261
22 6 2 1485 161
29 10 2 1396 151
4 9 2 2592 267
12 11 1 1385 146
25 36 1 1484 159
4 14 1 2595 269
25 21 3 2245 235
12 17 2 1388 152
7 22 4 2208 231
1 31 1 2405 247
1 17 1 2408 252
7 19 1 2207 230
3 30 2 2125 221
30 7 1 1843 194
3 34 3 2123 217
30 14 3 1843 188
25 37 4 1916 204
5 21 2 2267 235
24 10 1 2326 240
14 9 3 1808 195
11 27 1 2207 235
10 19 2 2404 245
27 35 4 2156 225
11 20 1 2208 234
32 3 1 1852 191
35 18 2 2507 259
23 6 4 2195 231
35 3 4 2503 260
15 9 2 2543 258
15 32 1 2541 259
12 13 4 2505 259
12 24 2 2507 264
3 39 3 2114 216
4 10 4 2174 225
29 11 4 2121 216
3 13 3 2442 249
29 12 4 2122 219
20 4 4 2033 208
20 34 3 2255 234
20 26 3 2065 217
24 33 1 1925 202
27 35 3 1906 202
27 25 2 1906 204
1 19 4 2453 253
32 18 4 1725 184
32 25 2 1728 182
1 22 2 2452 253
12 7 1 1738 188
11 38 2 2056 219
11 34 2 2055 214
1 19 4 1842 193
1 38 2 1841 193
19 36 3 1867 198
5 21 1 1968 210
5 12 1 1966 206
23 30 2 2001 208
11 12 2 1536 165
23 29 2 2006 211
17 12 2 1877 195
17 30 2 1871 190
29 15 3 2112 214
17 1 1 1542 158
17 6 2 1546 168
31 0 2 1968 211
1 10 3 1588 173
31 5 1 1966 210
26 39 1 1907 203
15 32 3 1825 194
15 18 2 1827 193
19 31 4 2182 224
18 38 3 1935 203
33 9 1 1795 186
38 30 4 2031 208
33 16 4 1795 192
34 30 3 1835 189
34 37 1 1836 190
12 31 3 1807 190
23 14 3 2014 208
5 7 4 1547 169
28 27 4 1673 176
30 18 1 1555 168
36 38 3 2392 246
18 12 2 1681 170
36 14 3 2397 250
6 16 4 1663 172
10 23 3 1655 172
10 10 3 1655 171
23 15 2 1722 181
24 19 3 1675 179
34 32 3 2315 244
34 1 1 2315 241
0 25 1 2095 218
6 27 3 1981 201
1 32 2 2416 252
6 31 4 1984 210
23 27 1 2012 209
31 5 4 2105 218
12 7 2 2077 222
24 14 3 1671 171
28 5 3 1944 200
14 35 4 1611 167
14 3 4 1618 177
27 38 1 1966 206
1 20 1 1862 195
16 18 4 1652 175
32 25 3 1672 171
16 33 2 1652 173
0 33 3 2143 224
10 38 4 1981 203
10 27 2 1981 202
20 20 3 1668 175
32 39 4 1674 179
7 22 4 1672 171
35 26 3 2016 209
0 11 4 2146 225
20 25 3 1987 212
20 0 3 1983 203
15 2 2 1837 198
30 21 1 1735 182
30 16 2 1731 181
15 7 4 1832 186
21 3 2 2064 215
28 24 3 1734 182
21 24 4 2191 225
28 5 2 1742 178
10 21 3 2103 221
3 31 2 1831 189
28 28 2 1747 186
10 15 2 2108 221
28 38 2 1864 195
10 13 4 1745 187
30 12 4 2001 208
13 6 1 1876 198
30 7 2 2003 207
6 32 3 2003 205
13 31 1 1721 179
6 33 4 2001 207
29 14 1 1774 189
11 16 2 1797 192
11 38 2 1795 192
17 37 3 1797 192
18 4 4 1798 195
28 23 3 1757 188
28 13 1 1754 183
36 28 4 1504 158
18 13 4 1577 168
28 0 2 1581 164
13 20 1 1685 180
34 5 4 1486 159
15 16 1 1468 157
38 18 1 2028 214
10 36 4 1572 160
20 24 1 1615 167
35 24 4 1483 155
20 21 1 1618 171
5 8 2 1862 193
13 17 1 1785 187
8 29 4 1931 200
13 20 4 1785 184
38 11 1 1768 186
20 22 3 1845 195
11 30 4 1868 200
38 34 4 1763 183
4 31 2 1745 185
4 37 2 1748 189
33 14 2 1773 181
33 27 1 1773 182
25 10 1 2078 222
11 8 1 2237 232
16 18 4 1998 208
39 18 1 2036 214
6 0 3 2153 223
39 2 4 2036 214
16 15 4 1994 210
25 16 2 2166 224
25 28 4 2168 230
9 19 3 1992 208
29 4 4 2253 233
29 23 1 2258 235
19 29 3 2088 220
7 25 2 1967 206
25 8 1 1928 203
34 18 1 2294 240
24 28 1 2281 230
24 14 2 2284 234
34 19 2 2293 234
34 2 3 2177 225
20 9 3 2217 236
6 38 3 2013 209
30 36 3 2046 211
13 9 3 2002 210
14 34 3 2093 214
14 16 2 2093 216
31 22 1 2121 218
13 27 4 1987 212
12 36 1 1948 203
12 17 1 1948 206
21 25 3 1877 197
36 20 4 2033 208
21 24 4 1871 189
1 11 3 1872 192
2 37 1 1971 203
1 36 4 1872 193
11 23 3 1834 191
25 11 4 1794 189
39 21 4 1618 177
25 12 4 1793 189
15 34 2 1803 187
11 16 3 1971 202
11 27 1 1977 207
1 33 3 1725 181
1 24 1 1726 180
33 19 3 1813 187
9 31 4 1753 179
7 18 4 1771 184
7 7 1 1772 185
9 31 4 1751 182
30 8 2 1711 176
30 38 4 1718 181
13 29 3 1881 192
13 33 3 1883 192
9 8 3 1734 180
13 22 2 1821 186
13 35 2 1823 186
32 3 1 1655 174
21 21 1 1818 192
8 17 3 1832 192
14 39 2 1598 171
21 33 4 1927 203
8 18 2 1835 189
14 0 3 1591 161
25 34 1 1632 171
9 39 2 1962 199
18 11 1 1596 167
7 5 4 1975 210
27 9 3 1645 175
33 16 2 1656 175
27 38 4 1648 173
6 26 1 1597 173
14 14 3 1863 197
6 34 4 1595 172
32 17 3 1794 184
34 38 3 1736 181
34 6 3 1725 178
18 35 4 1927 202
25 12 1 2078 218
34 18 3 1738 183
6 15 3 1723 180
4 33 2 1628 176
4 15 1 1626 173
14 7 4 2191 222
38 32 1 1528 167
7 26 4 2187 233
21 2 3 2103 217
38 39 1 1521 158
21 28 3 2107 223
0 32 3 1946 208
14 9 4 2191 223
0 29 4 1941 203
14 29 3 1754 182
20 38 4 2155 228
0 10 1 1744 185
12 29 3 1988 213
12 20 3 1984 207
38 27 4 2017 213
27 22 4 1743 179