0 37 4 07 12
0 5 4 03 6
37 34 3 127 22
5 18 2 68 21
34 0 1 223 28
18 30 2 216 35
0 24 4 286 35
5 18 1 62 11
24 2 3 356 46
18 2 2 113 18
2 22 1 468 61
24 35 2 357 48
30 30 3 358 49
35 21 2 487 63
30 12 3 357 45
21 37 4 633 69
12 11 3 454 53
37 5 2 696 81
18 10 2 213 29
34 29 2 228 33
10 34 4 294 38
10 7 4 297 39
5 34 1 818 90
7 28 2 394 50
34 12 3 905 96
28 37 1 508 66
11 5 1 533 64
37 39 2 663 75
5 12 4 647 76
39 1 2 753 85
11 34 3 533 62
37 7 4 691 75
34 17 1 627 76
30 29 3 494 61
17 34 2 763 86
29 36 1 616 71
34 4 2 864 91
36 7 3 714 76
30 5 4 497 63
7 1 1 766 86
35 32 4 488 58
22 21 2 616 74
2 38 1 183 24
2 1 3 184 24
2 10 1 461 50
18 28 2 112 21
10 34 4 507 58
10 13 1 502 58
34 30 4 584 63
13 22 4 581 65
30 30 3 633 68
22 33 1 657 76
1 28 2 246 38
33 38 2 766 84
28 20 4 382 44
38 3 1 247 36
20 4 3 446 55
20 11 2 442 47
4 15 3 553 64
21 13 4 742 79
15 9 4 642 72
13 14 4 795 88
9 26 4 726 80
14 9 4 886 96
32 17 1 585 71
9 2 2 966 105
17 35 2 714 82
2 14 3 1054 116
35 15 3 821 88
14 4 3 1163 122
15 29 3 886 102
4 35 3 1223 133
29 12 2 1021 105
35 12 1 1333 141
12 27 2 1057 115
12 19 3 1416 150
27 28 1 1151 124
32 10 2 584 69
1 12 4 861 95
5 6 1 632 73
7 25 1 763 84
4 31 1 912 97
25 21 4 845 97
31 32 4 977 109
21 33 1 978 111
21 22 3 978 107
4 13 1 914 102
36 23 2 714 80
34 6 3 863 91
23 32 3 804 92
6 38 2 911 93
7 4 4 754 83
1 3 4 855 91
4 22 2 831 89
3 16 1 913 95
1 21 1 853 94
22 3 3 892 93
12 7 1 765 82
3 12 4 937 104
7 9 4 826 92
12 26 4 766 83
9 2 2 927 105
26 22 3 832 90
12 5 4 968 106
12 31 1 962 102
5 32 1 1066 115
31 35 2 1022 112
34 32 2 908 102
7 34 2 395 50
35 27 4 1128 126
34 2 3 383 42
34 28 2 385 48
29 37 3 334 38
28 39 4 483 55
29 27 2 335 43
39 31 3 553 61
37 2 3 387 46
31 20 3 611 66
2 17 3 462 55
2 10 4 426 52
27 34 1 1268 138
10 23 2 527 60
34 26 2 1381 147
34 7 4 503 61
32 32 4 1024 110
7 28 4 614 70
32 8 4 1105 122
35 0 4 1121 115
32 9 4 1152 118
32 25 1 1151 122
31 3 2 1025 113
5 7 3 1065 112
3 32 1 1133 121
7 9 3 1123 119
22 15 1 908 104
9 8 2 1195 127
15 18 4 1046 115
22 0 1 907 100
18 39 2 1156 129
2 20 3 1056 115
2 10 1 1054 111
20 10 4 1155 124
26 33 3 835 94
12 9 3 1047 119
12 13 1 1042 107
21 18 2 943 98
9 19 4 1196 130
18 11 1 987 107
16 2 2 951 98
22 17 1 894 101
38 9 3 931 97
32 34 4 926 106
32 21 2 924 101
34 17 4 1066 114
6 13 3 916 105
13 29 3 1023 113
13 14 4 1053 109
22 38 3 1076 115
33 1 3 1118 123
32 25 4 1093 118
6 14 2 734 83
25 9 3 1185 129
12 35 2 956 108
12 27 4 957 104
10 16 1 695 79
27 33 4 1045 114
10 11 3 691 73
28 39 1 1244 129
11 15 1 737 81
19 12 4 1504 155
27 23 4 1155 124
12 32 2 1416 153
23 14 4 1246 136
12 15 1 1058 119
14 20 3 1368 145
14 23 3 1363 146
29 18 1 1022 112
15 6 4 884 98
14 19 4 1166 130
35 37 3 826 93
2 12 4 1057 115
37 31 4 935 99
17 37 4 715 78
31 19 1 995 112
37 6 4 785 87
26 4 4 802 85
6 19 1 877 96
14 21 1 881 92
19 22 2 965 109
9 15 1 722 79
15 32 4 644 74
11 3 3 471 54
11 22 1 471 54
3 31 1 541 61
22 9 1 541 58
3 2 1 361 42
31 14 2 615 68
2 38 4 427 51
38 39 1 841 91
14 13 1 684 78
39 35 3 913 100
13 23 3 781 84
35 19 2 1003 110
35 32 1 1005 108
30 27 4 685 75
30 34 3 684 75
30 10 2 638 76
13 34 4 581 67
28 34 4 216 33
10 27 2 768 91
28 30 1 212 28
27 7 1 917 104
27 12 2 911 94
30 4 4 286 40
34 28 3 336 41
34 24 4 671 70
4 22 1 404 48
34 5 3 752 84
24 19 2 707 84
27 29 1 757 87
32 21 1 1088 124
19 16 1 1108 123
21 33 1 1247 139
16 37 2 1231 129
23 29 2 848 98
33 8 3 1392 147
23 17 2 841 90
39 25 3 917 104
17 10 3 902 98
25 9 1 1045 111
10 28 1 981 105
10 12 1 985 111
38 34 3 513 56
14 32 1 687 82
34 38 2 568 66
32 20 1 823 93
38 20 3 664 78
20 25 4 933 102
20 24 2 784 90
25 16 1 1025 113
9 26 1 585 71
24 14 3 904 95
16 32 4 1137 126
14 11 4 958 109
31 6 2 614 70
11 3 4 1093 116
11 14 2 1093 118
14 16 4 1188 128
14 3 2 1184 124
3 30 3 544 60
32 25 3 747 85
15 15 3 793 85
25 30 4 851 93
15 23 1 856 99
30 33 1 935 103
15 4 2 798 94
22 23 2 1095 116
21 5 1 923 101
4 15 4 946 103
5 17 3 1018 113
19 4 2 964 102
4 32 1 855 95
4 11 4 1022 110
32 3 3 958 107
4 35 3 851 90
11 9 3 1101 115
6 35 4 873 95
19 14 1 1124 124
35 10 2 956 103
37 4 2 786 90
31 27 3 997 113
12 2 1 1154 126
19 38 1 1303 140
19 23 1 1304 142
6 34 3 986 106
18 36 1 1124 122
18 30 3 1123 120
23 20 4 1464 152
30 27 3 1207 128
20 23 4 1454 154
15 5 2 1198 134
20 16 4 1524 159
32 12 1 1535 160
12 15 2 1557 167
5 4 2 1346 148
12 28 2 1606 172
15 38 3 812 89
15 16 2 815 87
28 8 4 1724 178
38 35 1 892 97
16 21 4 878 96
39 14 1 1292 132
21 24 2 961 100
11 8 4 732 80
33 14 1 1141 118
8 31 2 801 82
16 24 1 794 87
31 0 3 828 91
24 16 2 875 94
16 16 3 791 88
16 20 3 941 98
35 13 1 1083 115
20 15 4 981 104
20 26 2 988 112
15 6 2 1048 118
26 23 3 1126 122
6 17 1 1183 123
23 13 4 1228 137
9 4 3 1294 137
9 35 4 1298 145
13 25 2 1378 152
14 14 4 833 88
1 31 4 1236 130
14 0 1 887 102
1 9 3 1233 128
0 38 2 1026 115
38 2 1 1154 122
38 0 2 1153 124
38 39 1 1155 122
0 4 1 1247 135
14 37 2 1091 113
14 11 3 1095 119
29 25 4 1135 126
11 32 1 1198 133
25 7 1 1267 139
29 17 4 1135 120
7 2 1 1394 147
17 34 2 1142 117
17 11 1 1144 122
34 26 2 1173 125
21 34 4 1016 112
26 24 1 1255 134
34 11 1 1123 121
21 32 1 1017 116
11 20 2 1211 123
32 6 2 1164 125
32 29 1 1161 125
9 4 2 973 101
17 23 2 1014 106
29 2 1 1251 129
2 23 3 987 109
23 6 3 1061 114
2 11 4 1296 136
2 30 2 1292 132
11 31 2 1074 113
11 28 3 1366 143
30 14 4 1325 139
11 8 4 1076 114
28 16 2 1438 155
8 19 4 1148 127
19 10 2 1302 139
18 1 4 985 106
10 17 2 1395 150
1 35 1 1061 112
13 33 4 1076 118
35 5 3 1128 122
9 15 4 1195 126
33 29 2 945 104
5 19 1 1223 127
33 3 1 943 98
19 8 4 1277 138
3 18 3 983 108
10 14 1 1242 132
18 37 2 1086 117
14 25 3 1326 141
37 28 3 1173 121
25 4 1 1412 146
10 16 3 1248 138
28 27 2 1214 130
4 23 3 1466 160
10 1 3 1117 121
27 21 2 1306 140
23 21 1 1603 164
1 34 4 1211 125
21 9 1 1404 151
34 21 4 1251 127
39 17 1 1294 137
39 13 3 1294 136
17 15 2 1376 148
17 1 4 1374 144
13 21 1 1367 149
0 6 4 1007 113
21 3 3 1493 153
18 38 2 1153 121
6 3 2 1132 120
3 32 1 1532 161
3 28 3 1206 130
8 15 1 1275 138
8 22 4 1275 136
15 16 4 1044 110
9 31 3 1197 132
16 23 4 1107 120
31 18 2 1327 147
23 21 2 1205 132
32 17 1 1217 129
21 0 3 1324 141
17 23 1 1292 132
17 21 3 1297 143
32 15 1 1216 129
23 36 2 1323 139
3 5 1 1134 125
15 25 4 1291 137
25 16 1 1227 133
5 16 3 1251 131
25 13 2 1227 136
16 20 2 1312 134
9 29 1 1188 134
0 23 3 1154 126
20 20 4 1343 143
23 17 3 1268 136
20 14 1 1433 147
0 8 2 1154 123
14 3 3 1475 153
8 28 4 1236 136
8 30 3 1225 130
28 35 3 1364 142
30 23 3 1307 142
8 38 3 1221 128
35 22 2 1426 149
23 38 2 1428 157
38 3 2 1286 137
22 27 4 1494 161
38 19 1 1574 167
3 18 2 1377 150
28 28 3 703 77
18 6 4 1502 155
32 31 4 1107 121
28 12 4 775 89
6 0 3 1553 163
26 23 1 1477 158
12 33 4 894 97
23 13 4 1588 173
26 22 2 1476 158
33 9 3 974 109
13 17 1 1737 188
23 22 1 604 69
9 28 3 1096 116
10 27 2 522 62
22 6 2 691 76
17 33 4 554 62
20 39 3 665 72
6 15 3 763 81
20 16 1 667 77
2 2 4 468 61
15 32 3 818 94
16 24 3 771 80
32 21 3 948 107
24 13 2 806 94
31 16 3 613 66
21 28 2 1071 110
27 34 1 438 52
24 19 4 808 91
2 6 3 616 72
34 5 4 521 61
32 8 1 944 99
6 18 4 726 80
5 32 2 614 72
15 28 1 816 93
18 20 1 804 86
28 15 1 935 106
39 12 2 722 78
33 5 1 622 68
33 31 4 628 71
28 28 3 1163 123
31 6 2 713 82
31 2 1 713 81
27 32 3 621 69
6 14 2 824 87
6 3 2 828 91
22 15 1 698 79
14 17 3 873 96
17 11 4 1887 197
15 21 2 798 93
9 33 4 1097 124
22 21 4 1586 168
33 16 2 1248 138
22 21 1 1583 168
21 39 3 1687 183
33 15 3 977 107
21 8 4 1682 173
15 26 2 1075 119
23 33 4 1581 163
8 25 1 1732 180
26 16 3 1198 135
26 28 3 1194 128
0 33 1 1633 171
16 27 2 1357 146
12 1 1 895 101
33 8 4 1714 180
31 32 1 1214 133
28 38 2 777 91
19 16 2 1672 171
38 15 3 914 102
19 14 4 1678 183
27 32 2 1613 170
14 21 4 1833 193
38 28 1 1578 168
38 21 4 1283 136
35 17 3 1424 154
30 34 1 1305 141
28 37 1 1364 141
17 28 1 1547 162
28 31 4 1682 175
3 12 4 1536 166
34 8 4 1416 155
3 20 3 1535 159
28 20 1 1621 169
8 30 1 1237 137
14 27 3 1476 161
17 23 3 1362 141
20 21 2 1593 166
20 14 2 1691 173
17 23 1 1368 152
20 20 1 1436 156
29 21 4 1348 150
23 3 4 1416 152
20 13 2 1568 166
29 26 3 1346 143
13 35 2 1662 174
13 28 2 1668 182
13 1 2 1364 143
35 7 3 1748 188
16 3 3 1314 137
25 4 3 1372 140
16 13 4 1334 138
13 6 3 1388 152
4 33 2 1401 145
25 21 1 1372 142
5 37 2 1254 134
36 17 2 1396 151
21 38 4 1432 152
6 9 3 1523 158
23 7 3 1323 138
37 39 4 1341 140
33 27 1 1456 157
0 15 2 1417 152
38 13 2 1523 162
0 29 1 1416 151
18 11 1 1472 150
31 29 1 1328 147
22 16 4 1361 144
7 30 2 1382 144
17 28 2 1514 157
27 26 4 1572 162
16 15 3 1447 155
15 36 3 1383 148
15 37 2 1383 147
36 32 2 1487 161
28 16 1 1305 137
37 26 1 1471 154
37 15 1 1473 156
28 21 2 1307 140
32 20 2 1614 171
26 2 2 1543 163
21 20 3 1407 152
20 5 4 1711 176
2 19 4 1632 166
32 38 3 1615 167
20 24 1 1522 158
3 14 1 1201 122
38 23 2 1215 130
6 7 3 1135 119
14 26 1 1222 126
21 16 3 1498 159
26 25 3 1267 134
1 31 1 1441 147
1 24 4 1441 150
15 30 1 1485 160
13 33 1 1368 149
21 10 4 1273 138
24 10 2 1501 158
9 12 4 1514 163
33 30 2 1496 156
21 27 4 1646 178
12 35 2 1633 168
10 25 3 1581 165
1 9 4 1216 131
12 37 2 1631 166
27 30 2 1305 136
16 31 2 1383 143
27 5 1 1785 184
4 3 1 1463 151
28 24 4 1218 134
25 34 4 1415 148
37 13 1 1172 126
25 15 4 1652 172
3 16 4 1515 160
14 7 3 1322 137
18 24 3 1088 123
34 1 2 1482 152
7 13 1 1371 139
8 22 3 1388 149
1 23 2 1528 161
16 7 4 1603 169
24 15 4 1231 127
22 3 3 1496 161
3 32 3 982 108
15 31 2 1277 135
29 1 1 1041 107
31 37 1 1355 148
29 26 4 1048 119
31 24 4 1358 150
15 26 2 1267 137
15 25 1 1266 135
26 23 4 1193 129
33 15 4 1186 129
24 2 1 1504 162
35 1 3 1127 126
33 27 4 1182 127
17 15 3 1504 159
1 36 3 1067 118
2 3 1 1624 171
27 36 2 1275 136
19 10 4 1276 134
36 4 1 1182 127
36 5 2 1366 145
16 35 2 1551 164
4 25 4 1274 134
16 35 4 1554 163
5 15 1 1456 159
14 32 2 1395 151
14 12 1 1393 144
15 31 4 1597 169
31 35 1 1138 127
31 6 3 1132 118
23 28 2 1094 117
35 17 2 1275 134
31 9 3 1698 183
28 22 4 1174 126
17 19 3 1344 144
6 9 2 1147 128
9 23 3 1835 195
4 13 2 1015 107
19 39 1 1446 151
29 18 3 1253 136
23 15 1 1951 200
6 10 1 1256 138
20 13 4 1235 130
15 24 4 2002 204
18 1 4 1362 141
13 0 4 1301 133
1 14 3 1412 144
11 12 4 1217 132
24 7 4 1347 148
1 10 1 1418 151
12 7 3 1324 143
34 26 4 1125 123
11 16 4 1225 129
26 12 2 1238 132
16 38 2 1297 138
16 32 1 1296 137
11 14 3 1228 136
2 11 2 1476 157
32 25 3 1375 150
32 31 2 1373 144
2 35 3 1472 152
17 23 2 1201 124
31 6 4 1444 154
35 8 1 1524 162
6 31 3 1544 164
8 31 4 1623 170
31 0 2 1647 177
17 3 3 1206 133
32 33 4 1331 139
0 13 4 1775 186
32 9 1 1335 142
25 9 3 1267 138
37 21 2 1134 122
4 34 1 1355 148
4 28 2 1351 142
34 23 2 1482 153
39 10 3 1221 126
39 35 2 1224 133
34 12 4 1484 158
23 10 2 1537 167
0 2 2 1246 137
2 0 2 1224 133
2 13 2 1221 127
38 8 4 1153 123
2 14 3 1375 148
35 35 4 1338 144
9 2 2 1285 141
9 13 1 1285 137
0 10 4 1021 106
31 20 1 1302 138
14 29 3 883 99
25 24 1 1525 158
13 31 4 1371 143
10 37 4 1067 115
20 9 3 1388 149
20 8 2 1384 146
35 11 3 1453 150
35 36 1 1451 147
4 23 1 1372 140
13 24 4 1371 145
37 38 3 1153 124
17 38 1 1232 128
23 24 4 1225 133
8 26 3 1468 158
23 3 3 1402 143
6 19 4 1186 127
38 30 4 1247 137
24 3 1 1458 156
15 11 4 1046 118
19 34 4 1275 133
13 18 3 1151 118
16 13 4 887 98
16 0 4 942 102
11 24 2 1186 131
18 36 2 1187 131
0 17 1 915 98
0 16 3 915 98
13 18 4 985 104
24 37 1 874 96
14 3 3 1186 128
24 23 1 1007 111
34 38 4 1335 139
14 8 3 1324 138
21 15 1 968 106
35 36 4 974 108
8 8 2 1386 149
8 38 2 1788 191
8 6 4 1785 184
17 11 2 983 106
38 25 4 892 98
4 32 4 1487 159
16 13 1 982 107
15 25 2 1674 179
12 5 2 1603 166
16 26 2 1594 168
23 38 3 1548 168
24 16 2 1311 140
23 8 4 1543 162
20 29 4 1522 160
23 6 3 1117 125
27 25 3 1285 138
38 22 4 1398 148
30 16 2 1207 134
29 29 2 1604 172
18 35 3 1042 107
36 9 4 1224 134
36 23 1 1222 132
24 38 2 1311 138
34 39 1 1061 115
23 25 3 1427 150
26 32 3 1687 181
16 17 2 1404 146
13 32 4 983 103
23 12 3 1424 154
38 38 3 1407 148
2 16 2 1262 133
2 28 4 1267 141
27 31 3 1137 123
29 36 4 1728 182
35 26 1 1077 118
4 36 2 902 100
38 5 2 1383 145
39 15 3 1151 124
4 9 1 906 104
10 32 4 1036 116
38 34 1 1681 173
14 0 4 1243 129
29 18 4 1602 164
14 16 1 1241 128
35 35 1 954 105
9 11 4 1151 123
35 6 3 902 96
3 24 4 1072 117
16 10 1 1348 145
35 10 1 1074 114
28 2 3 1415 147
36 3 1 1828 193
26 38 4 1182 126
24 30 3 1172 120
11 20 2 1108 126
32 8 4 952 99
4 10 1 1028 111
17 30 3 1134 123
15 21 2 1031 107
15 16 1 1031 110
23 33 3 1162 120
23 7 4 1164 125
21 37 3 1073 113
4 2 1 944 102
33 18 4 1032 111
33 7 2 1036 117
23 27 1 993 105
23 16 4 992 102
30 30 1 934 102
15 38 3 854 97
30 27 1 606 74
3 0 4 1247 132
3 29 4 1244 132
16 32 3 1285 141
3 37 4 1165 122
6 28 1 701 75
32 5 1 1263 135
14 33 2 953 106
26 36 3 717 80
26 36 4 713 79
16 25 2 1138 122
25 1 1 1021 105
20 6 3 783 83
20 25 3 933 97
32 32 1 823 86
12 7 4 1118 124
28 29 3 1057 116
9 5 2 1117 120
25 2 4 1048 118
17 12 1 908 102
8 36 4 1471 153
29 11 4 987 108
37 20 1 1291 136
33 5 2 1391 145
21 18 1 1243 135
29 21 1 875 96
19 11 3 843 93
5 8 2 846 91
22 18 1 485 54
28 5 2 417 55
12 34 1 945 101
12 25 1 944 102
7 13 4 1048 118
30 37 2 286 42
13 23 4 1187 131
25 12 1 1028 112
34 12 2 1012 110
5 24 1 556 68
12 34 1 1126 123
18 13 1 546 62
18 15 1 545 63
8 11 4 914 99
8 33 4 912 94
11 9 1 933 99
33 21 4 948 103
11 23 3 932 96
21 27 3 964 108
21 37 4 1038 113
18 37 4 1354 147
5 26 3 1452 150
5 15 4 1457 155
20 31 1 1366 150
20 6 1 1362 140
11 13 1 1086 122
36 13 4 1537 163
36 17 2 1535 161
13 7 2 1631 172
12 27 4 1022 106
2 18 2 1187 126
2 8 2 1188 129
5 11 1 1208 135
5 20 4 1202 126
29 2 3 1167 131
29 17 1 1164 125
7 35 2 1241 129
32 21 4 865 95
25 31 4 978 110
6 30 4 833 94
1 4 1 1055 114
1 9 1 1052 108
25 1 3 1226 134
25 2 2 1228 136
36 8 2 798 91
36 18 2 795 91
36 22 2 803 85
33 37 4 1065 112
33 33 4 1066 114
5 13 2 1351 142
28 18 4 752 83
37 36 3 1222 128
37 0 3 1226 132
32 31 3 1418 157
32 24 1 1412 144
29 28 3 1321 134
29 20 3 1326 142
0 25 4 1328 147
27 13 3 741 80
27 11 1 742 80
38 8 2 978 108
30 34 4 1027 112
30 5 2 1026 115
16 1 1 1021 110
34 33 1 1128 126
34 19 1 1123 122
16 24 2 1021 109
27 14 1 1054 110
27 24 3 1056 112
7 10 4 1175 127
7 1 4 1173 123
14 1 3 1107 122
10 8 4 1272 136
18 17 1 1111 117
2 29 1 1027 110
37 4 3 1131 115
37 36 2 1138 127
33 20 2 1204 129
7 36 3 1256 135
7 10 1 1253 131
16 2 1 1107 123
16 7 2 1105 123
30 39 1 1231 129
10 16 1 1117 119
8 25 4 994 111
20 23 4 1266 134
30 36 1 1203 130
20 3 2 1265 132
30 9 3 1208 136
38 14 1 1261 129
38 38 2 1261 131
36 18 4 1002 110
10 23 1 1148 124
36 23 3 1004 111
17 12 3 1465 158
32 35 4 1817 195
10 6 1 1455 158
15 14 2 1247 137
16 3 2 1347 149
32 19 2 1166 128
34 4 4 1737 188
12 14 4 1543 162
6 37 4 963 107
9 22 4 1048 113
0 26 3 1297 141
16 13 1 1286 137
35 15 2 1052 112
2 24 2 1473 152
3 37 1 1931 198
6 12 3 967 108
37 30 3 1987 207
0 4 1 1297 137
18 38 3 1644 175
10 3 3 1455 153
31 11 4 1238 136
11 8 4 1232 133
24 29 3 1175 126
36 13 2 1825 193
2 36 2 1476 159
3 11 3 1932 196
36 17 2 1598 172
26 29 2 1182 122
17 10 1 1723 177
31 29 4 1237 137
28 4 1 1412 148
10 33 2 1776 186
38 38 2 1488 158
16 9 3 1332 137
25 32 4 1386 147
16 29 4 1287 142
32 25 1 1817 191
32 1 3 1035 110
17 35 1 1464 151
5 8 1 1451 152
25 32 1 1501 156
25 34 2 1505 163
26 23 2 1683 173
38 0 1 1388 154
23 14 3 1323 139
9 10 4 1343 139
9 11 2 1345 144
29 13 2 1722 182
16 35 1 1335 142
6 24 2 1257 134
22 25 1 1481 150
22 2 1 1481 151
36 39 2 1313 139
2 35 4 1517 162
8 29 1 1624 169
38 29 1 1686 178
39 11 1 1156 122
25 28 1 1798 194
13 21 4 1075 118
11 14 3 1221 130
32 4 4 1592 164
25 0 2 987 113
38 18 4 1391 147
5 16 2 1664 173
5 35 1 1666 174
16 0 3 1737 182
3 16 4 1285 140
0 5 2 1827 195
13 16 2 1078 123
25 37 3 984 109
38 2 4 1916 201
37 3 1 1093 118
11 36 3 1065 118
3 10 1 1187 129
11 22 3 1062 112
6 35 3 1843 189
6 5 3 1844 190
8 10 3 1496 161
35 39 1 1896 196
15 8 2 1067 121
36 13 3 1082 118
15 34 2 1064 116
0 17 3 1023 111
23 15 1 1113 119
3 27 1 1285 140
32 39 4 1596 169
30 8 1 1374 142
37 36 4 967 104