0 17 3 05 9
17 2 3 97 21
2 18 3 214 28
2 12 2 213 32
18 6 2 282 36
18 11 3 282 38
6 2 2 362 46
11 11 4 388 47
6 13 3 365 45
12 19 4 327 44
12 5 4 321 36
19 9 2 444 52
5 13 2 368 46
13 12 3 456 57
13 0 2 451 54
11 18 1 472 57
11 19 1 472 57
18 6 1 572 67
2 9 3 466 53
6 13 3 674 78
6 2 4 676 78
19 7 2 575 66
18 3 2 573 66
7 19 1 665 73
19 4 2 732 80
0 16 4 547 67
12 17 2 571 64
16 16 2 675 75
13 9 4 467 56
16 8 4 757 83
13 15 1 462 55
9 0 4 528 65
15 10 2 554 63
15 16 3 553 61
8 9 3 836 96
16 2 2 618 73
9 13 4 562 63
2 9 3 733 84
16 5 1 755 84
17 15 1 641 68
17 9 1 645 71
15 5 1 687 76
4 3 2 802 85
19 5 1 732 83
3 6 4 854 95
3 10 2 666 76
6 2 2 952 102
10 8 2 766 83
2 8 1 1027 111
3 16 1 667 74
7 5 2 667 76
2 15 4 788 90
13 11 1 786 89
15 12 1 905 103
13 12 1 782 86
12 8 1 1037 114
12 15 3 865 94
9 11 4 536 61
15 11 1 947 109
9 18 4 533 57
11 4 1 1094 120
18 8 3 574 64
11 9 1 1092 116
8 6 3 647 75
11 5 4 613 72
6 12 3 757 88
5 0 3 727 84
11 1 2 614 72
8 11 1 1143 119
12 5 1 864 94
11 5 4 1196 127
5 9 1 946 108
5 17 2 947 102
9 0 1 1088 117
12 12 1 1037 117
11 19 2 894 99
0 14 4 1174 129
12 10 2 1176 128
12 12 4 1177 130
15 15 3 904 101
5 19 1 766 88
5 5 2 764 82
15 7 1 1013 110
19 10 2 883 97
16 12 4 747 88
8 8 4 1118 120
8 17 4 835 94
8 11 4 1205 130
8 7 1 835 92
11 5 4 1305 141
2 18 2 1023 113
5 2 4 1414 151
6 10 1 954 100
18 13 2 1137 123
5 16 1 838 93
3 16 1 852 92
5 3 4 761 81
5 8 1 764 86
3 6 3 815 92
9 7 1 718 83