0 34 4 07 14
0 21 2 05 6
34 19 1 145 24
34 9 4 143 20
21 19 1 63 12
9 14 2 208 30
19 18 2 125 23
14 30 1 305 37
18 24 2 237 36
19 25 1 247 38
24 19 1 361 42
25 8 1 385 44
19 20 3 428 55
8 21 2 445 51
20 8 4 554 60
30 32 2 374 47
14 9 4 305 40
32 21 1 471 56
8 6 2 602 63
21 9 4 564 67
8 36 3 601 65
9 32 4 676 74
36 38 3 655 77
32 5 1 747 89
21 0 4 512 61
21 35 4 517 64
20 39 3 554 67
35 14 3 643 70
19 0 3 427 53
14 29 4 708 83
0 39 1 531 56
39 16 2 678 83
39 4 1 675 80
16 18 1 837 91
4 4 3 801 87
0 16 2 618 73
5 20 4 895 100
16 13 1 733 82
5 21 2 893 97
13 38 4 821 88
21 28 2 974 107
38 29 3 771 79
32 39 2 747 88
36 38 1 658 80
39 22 1 881 94
38 28 1 807 88
9 17 1 675 80
6 15 1 631 67
17 5 1 804 91
15 0 3 671 69
15 30 1 673 78
21 24 3 566 64
9 39 4 403 44
32 11 3 475 60
39 37 2 446 52
11 1 1 606 72
24 37 3 648 78
24 1 2 643 73
1 13 4 735 79
30 28 1 785 91
0 38 2 694 79
28 32 3 915 99
5 7 4 911 98
32 29 2 997 109
28 27 4 886 98
29 36 4 1091 115
27 5 1 982 101
36 33 1 1151 124
28 33 2 884 93
33 34 3 1246 131
22 16 1 941 96
34 5 4 1313 140
22 22 1 946 101
5 30 4 1407 152
38 22 4 807 95
30 28 4 1528 162
29 2 4 794 84
29 16 4 798 92
2 3 1 843 94
28 10 1 1078 116
16 23 4 924 101
10 33 2 1163 125
38 13 3 881 91
33 15 2 1258 139
21 1 3 971 103
13 22 4 821 88
1 9 4 1034 109
22 13 3 885 98
9 34 1 1095 115
13 37 1 986 112
20 0 1 1004 110
4 33 4 876 100
0 10 4 1104 121
18 21 2 911 99
4 14 3 801 89
16 28 3 831 90
14 23 4 896 98
39 30 3 561 58
23 19 4 985 106
39 6 3 568 70
19 9 2 1067 119
29 25 3 834 88
9 35 2 1193 130
9 37 2 1198 128
29 8 1 836 93
0 24 3 532 60
8 10 4 932 103
24 7 3 608 75
10 12 4 1035 115
7 7 1 751 80
12 1 3 1157 125
8 15 2 933 100
37 35 4 1286 140
15 20 4 1003 104
35 32 4 1407 155
37 9 1 1287 139
32 20 1 1554 162
9 34 2 1396 149
35 27 1 1304 141
25 34 1 885 95
27 36 1 1418 157
34 0 2 952 104
36 21 3 1575 169
0 28 2 1041 111
6 28 4 706 80
21 23 2 1694 179
19 26 1 1067 120
23 39 3 1798 192
30 1 3 587 68
39 21 4 1922 201
1 35 3 685 74
23 27 2 984 107
28 14 3 908 104
28 37 2 904 98
14 1 4 1045 112
14 5 3 891 95
1 38 1 1122 122
5 31 4 952 98
5 28 2 954 100
31 31 3 988 112
21 24 3 996 109
28 5 1 1005 111
21 5 1 998 108
10 23 4 1215 129
33 38 4 1002 105
23 3 2 1292 139
38 24 2 1051 107
37 8 3 1126 121
37 34 1 1126 124
8 4 1 1215 127
34 11 4 1157 127
22 30 2 884 97
1 0 4 1037 115
15 29 1 1397 152
13 30 3 912 96
29 31 4 1522 160
30 28 1 962 106
33 15 4 1252 135
28 3 4 1064 118
23 8 4 1011 106
23 28 1 1012 105
10 11 1 1161 125
28 35 2 1058 121
3 39 2 944 104
11 14 2 1253 136
35 32 2 1212 126
16 10 1 926 100
2 7 2 847 94
28 27 1 1621 164
7 4 3 942 102
22 33 2 958 109
4 12 1 1023 106
22 22 1 1016 114
5 12 3 1408 156
22 3 4 1145 120
16 24 3 968 109
24 34 2 1093 118
16 29 2 967 109
34 36 1 1185 130
34 21 1 1185 125
33 35 4 936 106
33 6 3 936 100
5 24 1 1017 110
5 18 1 1017 109
36 30 1 1153 122
18 9 3 1095 116
30 35 3 1228 138
9 18 1 1161 125
18 19 2 1254 133
18 10 1 1251 134
27 0 3 987 111
29 17 4 1094 115
7 29 2 982 103
7 29 2 981 103
32 0 4 995 105
29 38 2 1037 117
38 0 3 798 95
28 13 2 913 98
13 5 2 791 85
13 37 1 983 108
5 12 3 856 99
37 9 1 1088 123
12 20 4 991 105
9 26 1 1236 133
1 17 2 737 85
26 9 4 1335 145
17 16 2 853 96
37 17 4 788 89
1 18 2 728 86
17 27 1 897 101
18 25 2 862 89
27 24 1 1015 111
25 0 3 897 102
24 29 1 1112 120
0 23 3 1021 108
37 31 3 521 59
29 10 2 1205 133
37 11 2 523 56
10 6 3 1331 135
11 36 2 606 69
6 5 2 1354 140
6 6 3 1353 139
5 15 2 1401 149
11 19 4 565 68
10 2 4 1332 139
31 28 1 598 73
23 10 1 1086 115
28 4 2 735 79
10 22 2 1151 120
23 6 2 1088 118
4 0 4 797 87
22 4 4 1201 124
0 33 1 872 95
4 9 2 1244 130
33 30 2 957 109
9 37 2 1302 134
30 36 1 1091 112
37 29 3 1344 146
29 7 4 1208 130
29 4 3 1462 152
0 6 1 1025 115
4 19 4 1522 156
6 26 1 1157 130
24 30 1 1116 119
19 34 1 1565 163
30 27 3 1198 128
34 28 1 1635 169
25 17 2 896 96
18 10 3 868 96
17 18 1 892 96
16 9 2 967 110
18 15 2 964 108
9 21 1 1104 119
9 35 4 1457 156
9 37 1 1453 155
35 23 1 1563 161
26 27 3 1333 140
23 28 2 1614 170
20 12 3 1054 117
27 22 4 1408 152
12 26 4 1173 125
22 39 1 1526 160
22 14 2 1528 168
39 4 3 1606 172
20 11 2 1052 115
4 30 1 1728 188
12 32 1 992 107
30 34 4 1883 192
37 5 3 1088 119
32 6 3 1071 110
5 36 3 856 98
6 28 3 1105 123
13 17 2 986 110
36 5 4 981 100
0 33 3 952 98
5 21 1 1006 112
38 0 4 1175 126
0 33 4 1051 113
29 10 1 1036 115
29 16 4 1034 108
17 35 3 1152 119
0 32 2 1116 119
10 3 1 1345 145
32 1 2 1196 126
19 32 1 1336 141
1 3 3 1266 137
35 29 4 1384 145
35 14 2 1388 154
29 10 2 1451 147
18 2 4 1093 120
24 2 4 1107 119
2 27 3 1205 133
24 7 4 1102 115
2 37 3 1195 132
6 20 3 1007 113
6 23 1 1007 114
20 14 3 1134 120
23 3 2 1147 124
35 1 3 1064 111
35 4 4 1063 115
3 23 1 1243 132
21 36 1 1257 137
23 17 2 1328 144
36 12 1 1374 145
36 13 3 1373 145
21 33 4 1251 128
36 26 4 1304 142
33 32 1 1286 142
26 18 4 1421 151
32 7 1 1428 155
18 36 4 1512 158
7 26 4 1554 164
29 23 1 1092 118
26 12 1 1647 179
24 10 4 1091 115
12 34 2 1794 186
3 35 1 1201 123
34 14 1 1864 193
35 38 2 1234 132
12 15 4 1566 166
22 13 2 1145 127
15 0 2 1664 175
12 37 2 1068 117
0 31 1 1758 189
33 3 2 1092 112
31 23 2 1897 204
27 32 4 1642 168
23 31 4 2045 212
7 7 4 944 106
10 29 2 1004 109
32 31 2 1265 132
14 23 3 1364 148
39 30 2 1045 111
31 22 3 1322 137
30 0 2 1112 118
11 21 2 1256 139
0 5 4 1186 132
8 0 2 1061 114
5 24 3 1328 141
0 3 1 1141 123
8 11 1 1062 111
3 0 3 1236 136
3 38 2 1183 123
0 7 3 1365 145
15 36 3 1356 144
38 23 3 1231 128
36 5 1 1441 153
23 38 3 1288 144
23 13 4 1283 137
28 38 1 1067 115
13 8 3 1376 146
38 17 3 1155 128
31 30 4 1601 162
31 15 4 1604 171
30 6 3 962 106
30 29 3 1624 170
15 36 4 1715 177
29 21 1 1526 159
36 0 1 1771 186
0 25 2 1154 126
21 30 4 1597 170
0 24 1 1867 196
25 39 4 1261 131
24 17 3 1965 204
30 13 3 978 108
17 21 2 2042 207
11 6 2 1274 135
4 15 2 1272 131
6 9 1 1351 143
34 28 2 1246 135
9 12 3 1437 156
24 30 4 1072 112
24 17 4 1077 121
3 19 4 1396 151
17 13 4 1211 126
38 26 2 1052 111
5 25 3 1085 118
5 37 1 1081 117
5 7 3 1114 123
24 22 3 1098 119
7 11 2 1231 127
31 39 2 1122 116
11 18 2 1273 137
39 12 2 1168 132
38 0 4 1223 130
12 19 4 1326 146
1 21 1 1126 120
37 8 2 981 103
14 11 2 1043 110
21 25 3 1201 124
8 38 3 1031 108
11 14 2 1105 118
27 20 4 1074 115
14 15 4 1187 129
20 32 1 1157 130
35 27 4 744 86
15 14 3 1298 138
32 36 2 1308 139
27 38 2 863 96
14 28 1 1384 145
36 3 1 1391 147
28 38 2 1455 152
21 5 2 2011 207
1 30 4 682 76
26 9 4 1203 125
26 5 4 1208 129
9 10 3 1252 132
5 12 2 1293 136
23 14 4 1798 195
12 16 3 1362 145
12 17 1 1364 142
14 6 1 1954 202
17 38 3 1425 151
6 14 4 2026 212
38 4 1 1518 162
14 15 3 2122 220
14 34 2 2124 219
4 28 1 1622 167
34 20 1 2192 223
28 28 4 804 91
28 0 4 1112 118
20 24 1 2232 226
36 11 2 1576 167
24 37 2 2266 237
34 28 4 953 99
27 31 2 1417 152
11 35 2 1672 173
34 16 1 1496 162
31 12 3 1526 165
34 17 1 1498 162
12 15 3 1656 178
17 11 2 1622 170
15 34 3 1788 189
11 22 2 1704 175
11 16 3 1705 179
20 3 3 1626 173
16 20 4 1795 189
16 9 2 1794 186
3 29 3 1734 181
9 12 1 1868 201
29 8 3 1817 193
20 24 3 1626 174
12 8 1 2011 205
9 26 1 1391 148
24 28 1 1746 182
8 20 4 2055 214
32 34 1 1552 158
20 33 4 1044 113
1 34 4 1258 140
1 20 4 1254 130
34 1 4 1582 161
34 39 2 1404 146
20 5 4 1308 144
5 36 3 1443 150
7 33 2 807 92
7 32 1 802 90
36 4 1 1503 158
24 14 3 603 65
4 12 2 1587 172
14 10 3 656 72
14 21 2 655 77
12 20 4 1721 178
4 19 1 1585 169
32 4 2 908 104
33 35 2 923 97
5 6 2 1444 152
19 33 1 1692 172
39 27 2 1467 160
35 2 3 974 107
27 4 1 1604 172
2 7 4 1073 116
39 20 2 1467 159
1 20 4 1611 170
20 5 4 1593 163
20 22 2 1701 179
1 6 4 1613 167
34 4 3 1586 166
33 8 4 1135 124
4 35 3 1662 176
8 18 1 1246 132
20 12 3 2148 230
18 16 2 1326 143
18 5 4 1327 140
12 33 3 2308 244
16 38 2 1433 151
33 2 3 2441 253
26 31 3 1482 155
28 3 1 1824 193
31 28 3 1551 161
26 33 1 1481 150
8 2 3 1931 202
8 26 3 1938 202
28 32 3 1614 169
26 15 3 2022 206
29 22 1 1818 191
32 25 4 1693 180
15 16 2 2067 221
20 19 4 1898 200
25 17 3 1806 188
3 26 3 1735 183
22 23 2 1755 185
22 2 3 1752 181
34 0 3 1898 198
34 15 3 1893 200
0 4 2 1987 210
17 25 3 1621 165
12 38 2 1655 177
4 3 4 2103 215
16 4 2 1625 170
25 38 3 1657 174
4 0 4 1706 179
38 2 2 1744 184
38 33 3 1742 177
35 5 2 1732 183
2 38 1 1843 191
35 22 1 1732 182
5 28 1 1831 188
28 17 4 998 113
38 7 4 1915 197
22 0 3 1822 191
37 11 1 2371 243
11 31 4 1677 180
0 10 3 1912 198
24 2 2 2268 240
31 30 4 1804 192
10 22 1 1983 209
0 27 2 1184 130
2 23 2 2403 245
28 16 2 916 104
30 23 2 1927 204
28 34 3 1678 180
16 10 1 1043 111
23 24 4 2457 257
28 27 3 1678 176
34 24 2 2195 230
15 7 4 2206 232
23 12 3 2451 252
27 3 1 1301 132
16 6 4 1041 111
23 36 3 2048 217
10 2 4 1112 120
2 31 2 1201 122
4 10 2 1623 171
31 8 2 1223 128
36 39 2 2178 231
38 38 3 1517 164
27 14 3 1762 179
10 7 3 1116 124
7 27 4 2325 239
6 10 3 2021 206
12 12 1 2522 255
16 27 4 1457 154
14 26 2 1952 200
27 27 2 1541 159
26 0 4 2005 210
27 23 3 1598 175
0 33 4 2102 218
10 11 4 1326 146
23 5 3 1753 179
11 31 1 1463 152
5 25 4 1298 140
5 18 1 1795 185
9 24 4 1257 140
18 30 4 1857 199
18 5 2 1852 192
24 1 1 1402 145
30 14 1 761 85
30 13 3 764 84
1 14 4 1451 152
5 16 1 2075 215
38 29 2 1523 158
38 30 4 1523 161
29 12 3 1584 163
3 25 4 1475 153
30 12 1 1612 166
3 37 2 1475 154
25 38 2 1534 164
28 0 1 1454 154
38 38 1 963 103
38 5 2 1646 172
0 1 3 1546 162
38 24 1 1032 108
15 23 4 1294 135
20 35 1 1153 124
23 22 3 1352 139
38 31 4 1081 113
35 2 4 1246 137
25 19 4 1248 137
8 37 2 1035 111
19 12 3 1377 151
19 18 4 1461 155
19 10 2 1463 150
0 36 4 1301 133
18 13 2 1373 141
18 2 1 1376 151
11 3 3 1272 132
3 29 4 1322 137
22 22 2 1195 130
22 13 1 1195 126
7 16 3 1233 134
37 38 2 1172 120
29 10 2 1372 144
25 16 2 1187 128
26 39 2 1113 115
13 6 3 1261 132
19 4 4 1512 161
17 32 1 1216 135
30 13 1 1121 121
12 31 4 1561 165
28 24 3 1355 142
31 20 4 1658 179
15 4 2 1312 134
15 19 1 1311 133
20 27 3 1797 187
21 18 4 2076 218
13 32 1 1087 119
17 26 1 2043 215
39 25 3 1318 146
39 18 2 1311 133
24 35 3 1967 205
30 14 4 1705 182
21 36 2 1591 167
14 25 4 1823 193
29 4 3 1702 180
6 23 2 1064 111
17 23 2 1288 142
8 22 2 1461 153
38 39 4 1156 123
13 1 4 1372 143
38 27 3 1448 155
5 20 3 1537 165
5 7 3 1531 158
36 35 4 1447 159
7 17 1 1456 159
38 18 2 1235 132
11 30 3 1115 122
11 17 1 1116 120
3 17 2 1231 130
24 30 3 1417 150
24 36 3 1417 156
5 28 1 1327 140
21 21 1 1398 148
21 23 3 1394 144
36 6 2 1565 168
22 38 2 1371 146
22 35 2 1371 143
23 23 2 1486 155
29 30 3 1094 114
29 25 1 1093 117
23 28 2 1551 162
7 33 4 1064 115
31 20 1 2127 220
32 13 3 1683 179
38 12 3 1463 153
23 36 3 2048 220
3 17 3 1124 118
3 1 2 1126 126
31 10 1 1895 200
37 0 1 1172 122
37 19 4 1171 122
0 38 3 1756 183
10 20 3 2004 210
13 30 1 1275 137
19 23 1 1227 132
38 2 3 1326 139
14 2 3 1934 199
14 30 1 1931 197
2 27 4 1991 203
10 30 2 1152 122
12 39 1 1798 194
23 9 2 1183 125
23 12 1 1182 122
36 35 4 1581 163
12 15 2 1227 135
12 18 4 1222 125
7 14 1 1552 162
18 13 4 1514 161
18 18 1 1257 139
32 37 4 1428 153
26 2 2 1424 151
13 18 1 1457 153
13 1 4 1454 156
12 38 2 1456 159
17 22 1 1445 152
4 18 2 1157 130
22 4 2 1528 166
1 30 2 1117 120
3 10 4 1246 135
14 10 1 1205 132
14 9 3 1202 128
2 9 3 1517 163
20 2 4 1137 121
9 24 2 1284 134
37 30 3 1326 146
7 19 3 1158 129
27 13 2 1335 144
10 9 4 1321 138
2 15 4 1207 130
30 36 4 1468 156
10 38 2 1475 156
14 16 1 1541 159
3 20 3 1372 142
32 23 3 1418 153
32 15 1 1417 150
3 35 2 1455 156
13 2 2 1448 157
1 24 3 1264 131
32 34 1 1194 127
35 31 3 1198 135
16 10 2 1593 170
35 24 1 1198 131
15 5 1 1504 161
2 12 2 1577 170
24 27 2 1313 140
24 21 2 1311 135
24 23 3 1312 135
12 19 2 1708 184
21 24 1 1351 140
21 8 1 1352 138
19 35 2 1843 191
8 6 3 1387 152
16 13 3 1088 124
20 35 2 1427 151
16 27 1 1086 118
10 24 2 1154 125
33 26 4 1138 124
10 21 4 1153 124
0 10 3 1261 128
26 28 3 1241 128
21 21 4 1123 116
21 14 3 1128 128
33 17 4 984 110
33 12 1 986 105
5 3 2 1004 109
17 2 1 1107 120
17 4 3 1105 117
17 20 3 1103 115
28 20 2 1231 127
6 13 1 1104 120
5 17 2 1198 134
34 39 2 1922 202
32 25 1 1074 114
11 4 1 1153 123
14 2 3 1687 176
14 26 2 1685 178
39 20 3 1604 169
2 30 3 1763 180
26 8 3 1255 136
28 16 1 1707 181
27 28 4 1404 150
37 0 4 1556 164
20 28 3 1696 180
37 10 3 1554 161
35 31 4 1566 166
21 0 2 1198 130
15 29 1 1083 113
9 10 3 1108 119
18 18 4 965 102
10 1 2 1198 128
10 25 2 968 111
10 21 2 1195 127
17 19 2 964 107
17 35 2 965 107
28 33 1 1694 175
27 5 3 1283 135
27 27 1 1283 132
35 39 4 1076 121
34 31 1 1635 170
26 14 3 1305 142
33 24 2 1754 185
19 36 1 1568 172
7 27 1 1303 135
29 31 3 1466 154
36 26 4 1125 123
27 30 4 1322 135
36 27 1 1122 121
9 18 2 1304 139
33 25 4 953 100
31 22 4 1703 176
27 32 1 1356 145
27 13 3 1356 149
4 39 4 1248 134
6 9 2 1186 131
27 37 4 1218 130
4 2 2 794 87
28 21 2 737 81
2 36 2 1398 153
19 18 3 682 78
13 13 3 1497 157
19 18 4 685 75
9 5 2 1314 140
15 2 2 1492 152
6 24 3 1398 155
5 7 4 1405 153
18 14 3 785 86
36 36 3 695 77
5 26 3 1403 145
36 18 3 696 81
7 36 1 1533 161
7 36 4 1535 165
26 21 3 1451 150
36 1 1 1616 173
26 14 3 1453 149
21 22 1 1506 159
36 9 3 1613 167
14 8 3 867 96
14 6 4 1495 157
24 23 1 1553 160
24 28 2 1555 167
2 10 4 1526 163
18 4 1 751 79
18 30 3 783 82
13 6 3 1575 166
36 25 3 1531 162
2 6 1 1523 157
14 23 2 1424 153
21 26 1 815 93
2 38 3 875 99
37 11 2 1306 137
2 8 2 876 98
18 38 2 1397 154
39 0 1 1345 144
9 27 4 1318 143
32 28 2 1456 152
31 25 3 1541 158
22 8 4 1767 184
18 11 1 1397 148
22 11 2 1766 186
8 18 4 1847 198
25 38 4 1008 115
11 35 1 1868 198
24 27 1 1851 193
38 34 4 1155 124
27 10 3 1212 124
30 28 2 1351 144
35 23 3 1982 204
39 2 1 1345 140
26 30 4 1233 129
32 14 3 1453 151
33 10 2 1751 184
30 18 1 1294 135
31 28 1 1542 157
19 19 2 1073 111
36 4 3 1724 179
29 16 3 1138 123
19 18 1 1116 120
26 27 3 1233 132
39 19 2 1213 125
18 8 3 1024 114
27 22 3 1322 137
5 17 3 1353 139
22 23 1 1372 142
1 10 4 1287 138
36 39 3 1727 184
24 2 4 1854 193
21 32 3 1278 136
39 35 3 1845 196
35 3 2 1078 120
21 2 4 1278 136
25 0 1 1117 122
29 0 2 1136 127
0 10 4 1304 136
10 2 4 1614 168
31 30 4 1661 170
28 39 3 1808 190
28 23 3 1805 193
0 33 2 1645 173
28 3 4 1503 158
23 24 4 1933 203
16 37 1 1818 197
16 6 3 1816 192
8 20 2 1365 143
30 39 3 1804 185
37 29 1 1974 207
8 30 1 1362 146
20 5 4 1696 181
26 31 3 1788 193
26 30 2 1781 183
30 39 4 1465 158
2 10 2 1768 188
39 12 1 2021 207
25 33 2 1146 126
4 10 3 1238 135
17 19 4 1346 147
39 25 3 1585 167
33 4 4 1267 141
39 26 3 2028 211
13 39 1 1208 134
20 21 1 1273 134
20 14 2 1151 120
20 16 3 1152 119
4 18 2 1174 126
2 6 4 1204 130
3 39 2 1093 117
14 39 1 1206 128
12 0 1 1056 115
12 13 4 1055 114
14 21 3 1282 137
17 37 1 1103 116
14 38 3 1284 133
13 19 1 1142 121
21 26 1 1163 122
21 17 4 1167 128
28 11 4 1288 137
28 30 1 1282 137
10 31 2 1281 137
10 0 1 1287 140
21 39 3 1246 134
26 26 3 1242 129
24 37 2 1256 132
24 7 4 1252 131
27 33 1 1184 129
27 6 3 1181 123
35 35 4 1517 160
35 6 2 1518 166
35 2 3 1563 166
13 7 2 1243 128
2 18 2 1577 170
24 38 2 1315 143
34 3 2 1277 136
10 0 1 1701 176
10 29 3 1707 185
5 39 4 1614 167
5 27 2 1618 176
27 29 2 1405 147
27 19 2 1408 152
23 17 2 1356 147
23 35 3 1351 137
17 24 2 1475 155
24 2 1 1403 150
24 37 3 1402 149
6 37 1 1526 162
35 28 2 1911 197
37 11 2 1627 177
8 33 2 1385 149
19 5 4 1848 199
12 34 3 1704 180
5 37 3 1992 203
31 1 3 1357 143
31 0 3 1354 146
23 2 2 1533 163
38 36 2 1567 171
36 35 4 1562 166
36 25 1 1568 165
15 36 4 1301 132
9 24 4 1383 142
19 16 3 1293 134
30 37 3 1467 155
24 32 3 1348 149
24 13 4 1348 147
2 15 3 1217 129
4 15 1 1661 171
10 21 1 1324 140
30 34 3 1207 128
10 30 1 1352 143
9 21 3 1631 172
30 11 1 1203 127
18 21 4 1304 142
22 15 2 1524 160
38 17 2 1596 173
18 11 3 1537 165
1 1 2 1563 164
37 31 2 1534 163
18 4 3 1398 151
18 14 2 1397 154
13 2 3 1614 172
14 27 2 1543 159
14 32 2 1623 170
27 16 2 1598 172
14 2 3 1623 172
13 22 4 1614 170
15 39 2 1353 140
15 23 4 1358 147
35 35 2 1638 178
39 17 4 1941 197
9 17 1 1251 131
35 22 2 1782 181
39 18 3 1945 203
30 29 1 1227 130
27 24 4 2033 208
2 17 4 1991 205
30 16 1 1978 207
2 31 2 1395 149
23 25 1 1322 139
2 4 2 1395 146
23 31 3 1323 143
38 35 4 1836 192
30 34 3 1372 145
20 28 2 2106 217
0 29 2 1226 135
28 14 1 2173 225
1 34 2 1267 135
14 38 4 2256 237
0 35 1 1226 132
17 38 2 1187 129
38 23 1 2375 246
36 6 4 2201 227
17 32 4 1187 130
12 17 4 1537 161
13 36 4 1797 194
35 31 3 1431 149
33 23 1 1156 122
33 9 2 1157 129
20 12 2 2204 226
13 28 3 1798 193
25 32 3 1173 125
12 19 1 2265 236
30 10 4 1147 123
21 37 1 1488 163
28 37 3 1626 170
23 20 4 1558 171
23 17 2 1441 147
38 4 3 1463 154
6 8 2 1683 178
28 11 1 1408 154
28 13 3 1407 150
36 25 2 1561 161
30 36 1 1502 156
17 16 2 1205 127
17 28 4 1308 141
18 33 3 1326 146
30 36 2 1222 130
35 19 3 1592 162
17 8 2 1592 166
35 37 4 1598 173
20 21 3 1656 172
7 5 2 1588 170
27 6 2 1554 161
1 18 2 1434 154
5 0 4 1706 177
1 8 2 1436 153
39 26 4 1237 132
22 5 4 1534 162
23 36 1 1425 150
23 39 4 1117 124
36 14 2 1501 156
23 11 3 1117 125
14 26 3 1561 163
4 23 1 1805 187
4 0 4 1805 193
25 36 4 1937 201
36 19 1 1673 176
36 12 4 1673 178
35 14 3 2056 218
35 20 1 2053 214
18 20 2 1335 143
25 39 2 1463 155
25 35 2 1461 151
26 7 2 2157 223
26 30 3 2158 225
32 21 4 1193 126
18 3 2 2185 228
27 25 3 1873 191
19 23 1 1332 141
4 1 2 1342 144
20 9 2 1797 192
24 33 2 1421 151
24 1 2 1427 150
13 11 4 1218 130
32 24 3 1356 142
4 4 4 1613 167
6 16 2 1321 136
39 12 4 1154 125
39 30 3 1157 129
16 25 4 1282 135
38 1 3 1205 127
10 33 1 1445 156
38 20 2 1204 128
13 11 2 1263 134
20 23 2 1284 136
16 27 2 1344 142
29 32 2 1377 151
22 19 2 1306 143
32 13 2 1517 166
3 33 3 1327 140
2 17 2 1516 161
13 1 4 1415 148
36 10 3 1333 144
36 38 4 1333 139
10 4 4 1501 153
18 21 1 1555 164
18 39 3 1553 166
12 34 4 1514 156
37 33 2 1118 127
37 15 3 1112 116
2 33 1 1376 150
31 22 3 1133 121
31 14 3 1134 121
22 11 4 1396 152
35 11 1 1242 130
24 4 3 1084 114
1 8 2 1625 175
4 9 1 1145 120
5 16 3 1723 183
38 1 1 1035 114
38 30 1 1648 180
37 32 4 1545 167
12 22 1 1664 177
12 6 2 1667 179
12 36 3 1638 173
16 35 1 2151 218
36 36 2 1738 184
14 38 3 1521 158
36 21 2 1843 189
13 8 2 843 91
13 19 1 843 89
14 24 3 852 90
5 4 2 1923 199
19 21 3 891 98
5 4 1 1926 199
30 37 1 1994 208
24 33 4 1408 149
25 8 3 1407 150
31 5 4 1521 154
5 36 2 1796 189
33 30 4 2184 228
23 2 3 1754 180
0 17 2 2101 219
27 23 1 1595 170
26 21 3 2003 207
27 22 1 2393 246
23 6 4 1706 181
12 14 4 2557 265
21 26 2 2077 219
10 3 1 2063 216
12 29 2 2558 265
7 34 3 1247 133
14 2 1 1795 191
14 27 4 1797 193
3 26 1 2165 223
7 0 4 1248 137
34 26 2 1805 191
38 21 2 1643 175
8 35 2 1285 141
39 36 1 2312 240
3 26 2 1322 140
8 8 4 1284 137
29 23 2 2657 275
3 8 1 1322 138
24 14 1 2575 265
36 6 1 2171 224
0 31 4 1372 142
27 1 4 1763 187
12 12 2 2523 256
6 38 3 1115 118
26 6 4 1408 150
24 37 2 2302 237
7 12 1 2321 237
26 38 1 2232 232
24 27 2 2576 266
14 4 2 2656 274
10 4 3 1711 176
1 27 4 1873 195
36 0 2 2401 248
27 16 2 1955 202
37 0 1 2377 249
24 38 2 2306 240
22 37 3 2095 218
8 10 2 1386 152
22 23 4 2095 221
2 0 4 2403 247
11 19 2 2438 252
0 29 1 1912 197
7 37 3 1978 213
17 14 1 1132 123
29 18 3 1977 207
28 29 4 1886 196
22 26 1 1825 192
38 20 4 1911 197
33 24 3 1776 190
20 27 1 1976 204
0 2 4 1794 188
0 3 2 1798 189
4 35 4 1707 185
3 35 4 2154 223
38 20 3 1775 183
4 12 2 2108 220
15 26 4 2002 205
15 36 4 2006 211
0 37 1 1982 205
2 0 3 1814 191
23 13 4 1851 194
37 9 2 2052 214
23 16 1 1857 194
26 27 3 1834 195
17 27 1 1888 202
17 21 1 1884 199
19 16 2 2003 209
19 36 2 2003 206
16 8 4 2098 224
16 21 4 2211 230
8 14 3 2245 234
16 20 2 2213 231
25 12 4 1801 186
22 25 3 1915 200
15 24 4 2067 216
2 27 3 2024 209
26 14 2 2023 211
33 34 4 1504 155
28 17 4 1617 170
3 6 3 1935 204
3 23 2 1936 207
2 37 2 2534 260
2 27 1 2531 258
6 23 2 2041 210
38 30 3 1513 158
33 0 1 2446 255
30 3 1 1581 160
5 23 3 1401 149
12 33 2 2306 244
35 12 3 1761 180
35 39 3 1766 185
6 32 1 1674 172
6 23 4 1674 172
22 27 3 1797 192
5 34 4 1638 176
5 31 3 1633 173
20 12 4 1708 185
20 18 4 1594 171
34 14 3 1763 187
7 36 2 1161 123
7 35 4 1165 127
4 15 3 1724 183
4 21 2 1721 177
2 31 2 1071 116
27 12 1 1602 164
33 12 1 1721 179
33 1 1 1722 181
6 19 3 1525 158
4 2 4 1045 113
1 15 4 1814 191
4 31 1 1046 117
20 2 2 1788 187
21 10 4 778 86
10 7 4 721 75
12 31 1 1728 183
7 21 1 756 86
7 28 1 751 81
10 10 3 861 91
2 10 1 1876 198
2 6 3 1874 195
31 36 1 1174 122
10 37 1 1984 210
2 26 2 1136 123
15 29 3 1911 198
19 27 3 1583 167
19 26 1 1581 165
12 2 4 1798 195
27 18 1 1677 177
12 8 4 1791 188
12 3 2 1642 173
12 7 3 1646 174
31 38 4 1166 128
21 30 2 1773 186
15 29 3 1831 188
35 16 4 1271 134
36 24 2 1236 130
14 36 2 1877 202
18 10 4 1712 175
12 12 1 1855 197
12 12 1 1852 191
31 0 3 1732 179
34 9 4 1767 189
27 20 4 1928 204
32 37 3 1724 179
23 39 1 1728 186
37 10 4 1798 193
39 35 1 1851 187
12 8 3 1802 190
35 3 1 1872 195
33 37 1 2446 252
23 2 1 1492 158
3 4 3 1603 169
3 12 4 1604 172
0 39 4 2555 264
30 28 3 1588 168
0 27 4 2551 258
12 35 2 1728 188
23 24 4 2103 214
23 11 1 2107 221
27 12 4 2582 264
27 27 1 2583 265
37 35 1 2601 264
23 31 3 2078 216
23 11 3 2075 219
17 4 4 1708 181
14 34 2 2118 225
17 34 1 1703 181
34 2 4 1556 168
14 28 3 2111 217
27 24 2 2097 220
27 32 4 2097 222
24 30 3 2165 228
24 16 2 2163 223
30 10 1 2286 242
25 25 1 2001 208
25 21 1 2002 207
12 22 2 1865 194
20 31 1 2314 236
14 13 1 2342 241
14 11 1 2341 239
21 31 2 2302 237
8 19 3 2244 236
31 12 4 2374 248
36 25 2 2061 214
16 7 1 2096 216
36 0 2 2061 209
21 16 2 1992 206
21 2 3 1995 209
27 7 1 2027 215
27 39 2 2026 210
27 17 4 1954 207
7 6 4 2151 222
16 30 3 1943 200
9 3 1 2141 218
13 3 3 1943 205
36 26 4 2111 217
0 20 4 1915 198
37 26 1 2055 214
12 29 2 2201 224
12 19 3 2202 229
26 10 2 2057 216
26 2 1 2055 217
20 9 3 1833 194
35 37 1 1857 195
20 20 2 1836 194
35 1 3 2237 238
2 17 2 1881 194
35 2 4 1853 193
3 16 1 1895 197
1 24 3 2384 243
27 20 2 2041 209
2 15 2 1885 200
24 26 1 1902 198
24 35 4 1907 204
20 4 4 1974 209
26 31 1 1922 197
26 18 1 1928 206
29 0 1 1963 202
14 26 3 1235 134
37 37 3 2133 220
18 3 4 2073 216
29 35 3 1961 201
29 6 4 1978 212
19 15 2 2522 261
0 34 4 2471 252
0 17 2 2473 251
23 1 1 2215 231
27 28 2 2661 269
37 15 3 2377 251
36 29 3 2407 254
4 30 2 2745 283
12 29 2 2567 271
27 33 4 1951 204
38 24 2 1188 132
16 11 2 2028 217
16 35 1 2022 206
27 18 1 2668 279
4 5 2 1765 186
2 13 2 1914 202
38 34 4 2407 249
10 19 2 1523 160
37 1 1 2185 226
4 23 2 1763 182
0 10 3 2483 255
0 23 1 2481 254
0 19 2 2497 260
0 9 2 2492 259
37 17 3 2185 224
9 12 4 2595 268
35 34 1 1413 152
12 33 2 2373 242
38 23 3 1184 123
6 24 3 1503 159
8 37 1 1374 148
12 27 2 2685 281
34 23 2 1524 159
34 16 1 1521 161
27 3 2 2818 294
6 31 1 2242 231
1 8 4 1872 195
38 32 3 2323 239
4 8 1 2748 285
31 35 4 2311 240
8 24 1 1958 209
26 38 2 2238 237
24 34 1 2098 218
31 38 1 1422 151
23 17 1 2757 287
21 37 2 1755 183
26 12 3 1911 199
6 39 3 2248 236
27 38 3 1933 200
0 4 3 1376 144
27 10 4 2818 293
14 9 3 2651 273
34 7 3 1333 139
10 9 2 2931 301
3 15 4 2945 307
27 6 1 1938 209
3 7 2 2165 229
34 8 3 1338 146
26 7 3 2198 232
8 8 4 1461 154
24 22 1 1597 169
22 28 2 2466 260
6 17 3 1815 191
9 4 2 2731 281
14 22 3 2658 279
23 25 1 1702 174
17 21 4 2197 234
17 19 2 2193 226
2 18 1 1804 187
30 0 4 2287 236
18 29 3 1874 194
36 32 1 1896 198
36 16 4 1896 200
25 6 3 1741 179
32 15 2 2391 247
4 7 2 2815 288
22 18 2 1698 184
5 38 1 1543 161
6 19 3 1791 181
5 26 4 1541 158
8 8 1 1504 161
8 1 3 1506 161
33 33 2 1491 157
18 27 1 1844 193
37 16 4 2083 219
4 36 2 1998 210
21 37 2 987 107
19 0 1 1812 185
21 7 4 985 106
24 20 2 907 104
26 21 4 1586 168
0 10 2 1851 189
4 15 3 1995 205
27 38 3 1937 202
19 28 4 898 99
36 37 3 2102 217
8 4 3 913 100
1 26 4 1617 169
21 20 4 1898 203
38 1 1 1588 174
20 35 4 2034 209
38 26 1 1582 165
35 27 1 2183 228
35 32 4 2183 223
36 20 1 1733 183
6 7 1 1794 185
22 21 3 1772 184
22 19 3 1771 181
32 12 2 1676 179
32 17 2 1671 171
30 24 1 1805 193
12 5 4 1792 184
30 34 1 1804 187
1 10 2 1146 127
34 1 2 1875 195
16 36 1 1837 197
9 36 4 1204 132
8 20 1 1751 184
8 3 1 1753 179
4 26 2 1147 122
11 21 1 1303 134
11 21 1 1524 157
11 11 3 1524 158
14 13 3 1215 131
14 28 4 1214 127
22 18 3 1215 130
22 10 3 1213 129
33 24 1 1502 158
15 19 1 1165 123
28 10 3 1271 136
33 29 3 1276 135
33 29 3 1274 133
34 5 2 1568 168
34 8 4 1568 169
39 29 2 1665 173
21 24 4 1644 175
21 33 4 1641 171
4 28 3 1534 158
4 21 2 1532 160
38 8 1 1395 150
10 34 4 1447 156
10 25 2 1446 156
1 13 4 1484 153
1 19 2 1486 162
17 35 3 1615 171
17 27 1 1612 171
33 39 4 1402 150
33 38 3 1402 147
13 24 2 1666 179
27 2 3 1712 175
19 3 3 1435 150
32 1 4 1516 165
27 7 2 1427 150
27 22 3 1426 155
23 17 3 1362 144
11 36 2 1346 142
11 32 1 1345 142
33 20 2 1563 166
1 19 2 1272 136
25 2 3 1357 150
25 1 3 1351 144
30 38 2 1296 143
30 28 4 1294 139
12 27 3 1256 134
16 34 3 1362 146
16 1 2 1368 151
4 22 1 1678 176
4 38 1 1675 176
24 38 3 1424 153
11 3 1 1303 135
1 32 4 1508 162
1 27 3 1508 164
9 4 4 1926 199
33 0 2 1517 161
1 38 3 1441 149
1 29 4 1445 152
23 13 4 1416 153
25 0 3 1915 204
3 9 1 2285 237
21 17 2 1266 138
21 36 2 1266 137
30 29 1 2257 233
30 8 1 2251 229
7 32 4 2234 231
35 20 2 1517 162
8 31 2 2297 241
35 7 3 1511 154
39 30 3 1551 160
20 3 2 1623 172
39 8 3 1558 165
20 15 2 1436 157
20 32 1 2144 226
8 36 3 1657 176
3 6 4 1724 179
32 19 1 2262 233
3 4 3 1725 179
14 6 1 2183 223
12 28 1 1787 186
19 24 4 1761 178
6 13 1 2232 231
19 22 1 1763 181
36 21 3 1763 184
36 27 4 2014 207
36 9 4 2011 206
0 6 1 1933 202
0 20 2 1931 198
23 25 2 1873 192
22 7 2 1812 185
23 33 4 1877 198
25 23 4 1922 201
26 31 3 1635 176
26 5 3 1638 174
7 39 3 1857 200
11 26 2 1255 132
14 4 1 1564 162
33 2 3 1984 207
20 31 1 1984 208
2 39 4 2071 214
39 27 4 1245 134
23 9 3 2017 214
39 9 3 1246 135
36 28 4 1506 161
5 26 4 1626 170
31 15 3 2084 214
26 4 3 1325 139
26 0 3 1324 141
8 8 2 1536 164
8 39 4 1531 159
0 30 2 1774 188
8 1 3 1641 168
0 9 2 1772 185
18 36 3 1546 164
6 8 3 1616 168
6 8 1 1611 168
36 10 2 1644 170
21 29 3 1721 178
21 4 2 1725 183
37 27 1 1731 176
29 0 3 1785 191
37 33 3 1737 181
8 35 2 1666 176
19 11 1 1621 164
19 25 2 1624 172
35 1 2 1765 182
36 4 4 1303 135
36 12 2 1306 144
33 28 3 1467 156
33 28 2 1461 153
28 8 3 1417 154
28 3 4 1535 163
28 37 1 1413 145
8 37 3 1541 163
16 3 1 1271 134
36 17 4 1563 165
36 38 3 1562 166
25 21 3 1611 169
13 8 4 1506 158
11 6 3 1545 162
11 11 4 1548 169
8 2 2 1785 188
4 33 1 1548 166
4 8 1 1548 165
17 25 1 1475 159
20 8 1 1711 176
33 25 2 1668 179
8 7 2 1763 183
20 20 2 1718 183
37 34 2 1706 180
20 8 3 1834 189
37 18 4 1706 181
10 1 4 1237 136
37 22 4 1637 175
19 20 1 2364 241
19 32 3 2361 241
32 6 3 1253 134
28 20 1 1932 198
9 25 1 1296 143
20 12 4 1988 213
23 30 4 1228 136
23 5 4 1221 131
31 18 4 1496 160
36 20 2 1947 209
17 0 4 1614 171
17 12 1 1615 174
32 32 3 1302 135
6 36 4 2274 237
23 1 1 2465 254
23 29 3 2468 257
36 38 3 2375 243
38 31 1 1298 141
29 3 3 2573 267
38 37 4 1296 142
35 22 4 1324 143
34 36 4 1356 144
34 29 3 1352 140
14 25 1 2253 234
29 19 1 1356 145
28 8 2 2176 225
34 33 3 1453 151
35 38 1 1922 196
8 34 4 2251 231
31 4 3 1432 150
4 1 3 1463 155
25 25 2 1395 147
25 23 1 1391 142
31 35 3 1492 159
16 15 2 2076 221
17 22 2 2057 216
17 27 3 2054 216
24 26 2 2085 215
24 12 1 2088 224
29 35 4 1306 138
26 13 1 2155 222
12 38 2 2243 229
35 30 3 1382 148
29 36 3 1301 133
38 23 1 2295 235
18 29 1 2036 211
36 3 4 1337 145
18 10 3 2038 219
22 34 2 1814 193
17 27 2 1314 143
17 0 4 1317 145
17 17 2 1974 203
23 30 4 1474 158
23 5 4 1471 151
39 34 3 1401 143
22 13 2 1704 179
2 23 4 1721 180
22 8 1 1703 174
2 24 1 1723 179
16 37 2 1728 182
16 31 1 1721 181
37 27 2 1821 190
37 7 3 1827 196
32 30 1 1703 175
32 35 1 1706 184
27 16 2 1598 170
2 0 3 1728 181
2 36 4 1728 185
14 24 4 1545 166
16 30 2 1708 184
4 22 4 1517 165
31 21 3 1632 166
31 0 3 1633 173
1 0 4 1644 169
1 13 4 1646 174
11 26 4 1651 167
11 4 3 1651 168
0 38 1 1694 180
17 28 3 1732 178
17 36 4 1733 180
15 32 4 1603 171
15 2 2 1608 176
21 30 4 1426 149
21 19 1 1424 153
11 0 2 1277 135
22 10 2 1654 177
32 29 3 1718 180
21 32 3 1726 186
26 17 4 1677 178
2 33 1 1761 181
30 7 1 1436 155
34 33 1 1286 137
21 9 1 1403 150
15 5 2 1718 181
0 15 1 1352 138
15 16 1 1717 186
29 34 3 1801 188
15 21 3 1296 141
15 37 3 1295 141
13 7 1 1476 156
33 38 3 1371 146
32 22 2 1494 155
32 39 1 1493 154
37 12 1 1552 163
22 20 3 1553 165
7 7 3 1563 165
0 16 2 1354 140
16 37 3 1347 147
16 11 2 1348 146
24 5 1 1426 156
24 0 1 1421 147
36 23 1 1327 146
25 11 3 1652 172
35 3 1 1663 174
35 1 4 1667 175
36 6 2 1714 179
1 34 4 1751 184
2 23 3 1633 167
0 21 2 1467 159
1 21 1 1432 149
37 13 4 2038 212
34 10 2 1802 186
34 35 2 1805 192
5 12 4 1998 213
33 33 3 1493 158
35 1 1 1921 198
11 4 2 1777 186
33 37 3 1491 158
12 27 4 2132 222
11 13 3 1774 189
28 1 1 1976 206
28 36 4 1974 202
37 9 2 1628 176
37 21 4 1496 157
2 9 1 1501 155
9 24 3 1766 185
9 19 3 1766 187
24 30 2 1552 159
24 3 4 1552 158
35 26 1 1378 146
19 5 1 1521 158
19 13 2 1527 165
26 5 1 1461 148
29 14 4 1472 155
27 34 4 1768 186
39 22 4 1673 176
39 39 4 1675 180
29 28 2 1853 196
29 15 3 1856 197
0 30 1 1768 189
3 4 2 1366 144
3 24 2 1368 146
38 11 1 1435 156
38 11 1 1437 156
18 28 1 1706 178
18 17 1 1701 179
7 3 2 1284 138
7 10 4 1288 144
2 10 1 1665 179
2 9 3 1663 173
6 10 4 1664 173
6 14 4 1665 177
35 0 3 1606 173
10 7 4 1735 185
35 17 2 1606 170
6 36 4 1236 133
33 18 3 1295 135
33 29 4 1292 138
7 10 2 1311 135
37 3 4 1324 140
26 37 4 1296 136
26 11 1 1292 132
39 11 2 1343 142
39 23 2 1341 138
0 19 4 1406 150
0 10 3 1402 145
23 31 3 1381 143
31 31 3 1374 142
10 20 4 1456 155
31 7 1 1425 150
31 37 1 1376 148
30 14 2 1373 143
30 0 1 1372 143
11 30 1 1374 143
11 18 1 1371 145
17 36 2 1287 142
17 38 4 1286 139
26 11 4 1228 136
18 29 1 1453 156
38 22 2 1336 146
19 15 2 1216 129
38 8 3 1332 136
13 1 2 1143 123
37 13 2 1164 123
37 24 2 1167 125
21 31 3 1377 147
0 0 4 1153 119
21 6 1 1375 150
0 2 4 1151 118
39 21 4 1282 135
39 18 3 1176 128
6 34 2 1306 137
18 32 2 1264 136
21 16 1 1344 144
16 19 4 1195 130
21 19 4 1345 144
39 26 3 1342 142
26 10 3 2112 217
26 7 1 2115 217
4 12 4 1412 147
4 9 2 1414 152
25 20 1 1673 176
10 18 1 1354 144
19 18 2 1471 149
18 13 4 1448 153
12 30 2 2074 218
10 34 2 1882 192
39 7 3 1585 169
30 37 1 1837 191
5 16 1 1817 196
30 9 4 1832 189
31 14 4 1938 202
30 23 1 1467 158
29 26 4 2071 211
39 26 1 1854 197
20 35 3 1431 152
20 16 1 1435 154
6 6 1 1923 199
6 19 4 1923 201
37 3 1 1973 201
24 34 2 2031 211
24 39 4 2034 211
33 16 2 1738 185
3 2 1 1588 173
23 33 1 1936 204
2 1 3 1734 184
2 5 2 1687 180
30 8 2 1708 185
39 0 3 1908 199
10 11 1 1363 144
0 28 2 1273 138
0 33 1 1275 134
0 24 1 1222 128
0 28 3 1228 133
3 2 4 1208 130
2 4 2 1362 142
3 33 4 1205 131
35 5 2 1965 203
2 5 2 1361 139
35 35 3 1967 210
32 30 4 1363 145
2 19 1 1931 200
32 34 1 1363 144
39 31 1 1846 194
23 6 4 1421 148
10 13 3 1381 141
10 4 3 1385 150
17 37 3 1393 149
17 17 2 1392 147
8 4 2 1141 119
37 17 1 1497 160
19 4 2 1251 133
27 1 3 1328 141
18 36 4 1201 123
16 7 1 1231 132
4 5 3 1796 189
28 12 1 1574 169
18 33 4 1355 146
18 36 4 1352 140
10 9 1 1843 189
14 16 4 1513 162
14 15 2 1518 165
2 6 3 1405 146
2 34 2 1405 151
23 7 2 2047 214
28 20 3 1441 152
10 20 3 1246 136
27 8 1 1934 201
34 29 1 1247 134
35 21 4 1987 210
18 11 2 1984 208
18 26 4 1982 203
11 22 4 1861 188
11 16 4 1486 161
8 14 2 1842 192
16 21 3 1616 174
25 8 1 1585 169
28 8 4 1526 161
28 7 2 1525 162
25 19 4 1582 162
0 4 3 1447 153
0 15 2 1443 152
27 15 2 1435 156
38 8 3 1544 163
38 29 4 1541 156
8 25 4 983 102
38 25 4 992 106
11 12 1 1375 150
25 9 3 1062 109
38 26 2 998 113
26 23 3 936 100
26 12 4 1138 123
26 28 4 933 98
23 33 2 1531 157
6 23 2 1574 164
6 1 4 1575 168
6 9 2 1668 178
25 19 3 1621 164
25 28 1 1626 174
6 29 3 1664 172
4 13 3 798 89
30 16 3 827 95
4 26 3 794 88
30 33 1 827 93
10 26 4 1637 175
10 21 1 1636 176
23 39 2 1603 171
23 12 2 1608 169
28 14 1 1677 178
8 10 2 961 103
8 15 3 961 99
14 19 1 1782 181
6 31 3 1573 162
9 12 2 1671 172
22 37 3 1598 171
15 8 1 991 103
22 23 3 1596 168
36 31 3 1654 171
12 36 4 1721 176
1 16 1 1735 183
1 33 2 1731 179
18 34 1 817 96
36 3 2 778 88
31 27 1 1714 178
36 8 4 771 85
18 25 3 811 87
21 19 1 813 86
13 35 4 1576 167
34 13 4 967 106
33 30 4 1791 188
3 21 1 882 97
3 12 3 884 95
16 31 1 1836 194
16 5 2 1836 193
36 30 2 1766 187
31 6 3 1717 181
5 12 1 1933 203
23 10 4 1686 181
8 32 4 1031 106
37 36 3 1715 182
31 35 4 1628 174
19 11 4 1818 190
15 29 3 997 109
10 17 2 1037 117
14 19 2 1787 186
12 0 1 1697 179
39 30 2 1711 178
39 14 2 1718 185
26 19 4 1752 181
21 32 2 1761 178
33 36 3 936 105
32 6 1 1783 185
33 8 2 934 98
36 19 3 1053 111
26 37 3 888 100
26 9 4 886 99
16 1 4 957 106
9 33 2 995 111
16 9 1 952 100
13 39 2 896 98
13 34 3 896 103
29 2 1 1725 181
29 18 4 1723 180
2 18 1 1813 190
28 20 1 1746 188
19 8 2 1646 178
19 3 1 1645 172
8 39 1 1785 188
9 10 1 1781 185
1 31 2 1681 172
1 18 2 1684 179
23 4 3 1641 166
23 30 3 1641 172
33 37 2 1575 169
28 22 1 983 105
28 11 3 986 110
12 16 3 1234 129
23 10 3 1007 108
23 20 1 1001 109
26 15 3 1133 118
9 36 3 1097 122
12 28 1 1505 162
25 34 1 1064 117
25 18 4 1021 107
28 6 4 1628 173
29 26 4 1562 160
29 7 4 1567 171
8 31 1 1631 172
8 23 4 1632 166
15 26 1 1566 170
15 35 4 1522 155
26 34 4 1708 186
15 30 3 1524 159
4 2 1 1535 165
19 27 3 1624 167
7 28 1 1625 173
7 7 1 1627 174
8 29 1 1615 172
8 10 2 1611 170
8 2 2 1696 179
8 23 4 1696 183
21 7 3 1741 176
21 26 1 1741 182
14 36 4 1924 201
16 18 3 1616 174
22 39 4 1888 203
22 7 1 1886 196
26 6 1 2038 218
11 29 1 2084 218
11 32 2 2086 216
21 37 3 2102 215
29 3 2 1344 139
8 1 4 2013 211
20 21 4 1367 150
20 36 3 1368 152
20 0 1 1523 158
20 39 2 1525 162
7 11 3 2144 224
34 13 2 1517 161
34 11 2 1516 160
6 25 2 1467 155
6 23 1 1467 155
15 7 1 1652 168
15 24 4 1654 172
16 7 2 1627 170
16 16 1 1623 171
9 23 2 1893 194
16 25 4 1714 182
9 19 2 1895 199
36 37 3 1405 150
36 22 3 1403 151
33 8 4 1467 158
12 29 1 1695 179
12 2 4 1692 175
8 33 2 1582 162
5 1 3 1895 197
7 10 1 1327 145
7 30 2 1327 146
36 26 1 1238 133
1 29 4 1414 148
4 7 3 1336 140
17 38 1 1608 173
17 5 1 1607 174
4 10 2 1195 127
17 25 3 1471 156
17 8 2 1472 156
4 8 4 1508 166
13 22 2 1413 148
6 27 1 1486 159
31 19 3 1945 202
31 2 3 1942 201
34 7 2 1446 155
19 21 1 2001 204
30 1 3 1454 157
30 32 1 1451 150
35 24 4 2108 221
21 25 1 2045 213
35 27 3 2104 219
25 9 2 2134 225
5 20 4 1394 149
5 36 2 2036 210
33 27 4 1317 144
4 27 4 1426 154
2 30 3 1307 141
2 11 3 1301 139
28 12 4 1337 143
28 23 2 1332 139
24 20 1 1288 137
33 8 3 1342 142
33 1 1 1346 142
28 20 2 1381 147
28 0 4 1382 141
11 32 1 1442 153
11 5 3 1442 150
0 34 1 1991 205
0 8 4 1992 206
8 31 4 1857 195
5 36 4 1807 189
5 23 3 1802 188
31 12 3 1951 200
1 39 3 1842 189
33 1 1 2047 213
31 21 3 1955 202
2 4 2 1735 181
23 5 2 1886 201
16 11 3 1858 197
39 14 2 2114 223
21 17 3 2028 215
34 17 2 2112 214
5 0 4 2016 214
34 14 4 2113 221
3 17 3 2018 210
19 20 2 2013 210
6 33 2 1996 211
14 7 2 2213 225
6 13 3 1997 214
16 15 3 1542 164
16 15 1 1543 165
35 11 1 1524 157
26 22 4 1976 209
26 3 3 1971 201
22 21 1 2092 218
26 0 3 2115 224
23 8 3 1585 167
14 2 2 2025 209
14 15 4 2022 210
9 12 3 1895 199
9 1 1 1891 198
16 22 1 1965 202
37 3 3 1912 200
7 11 1 1691 175
22 2 1 2027 211
34 11 3 1927 202
34 15 4 1921 197
30 19 4 2183 224
30 24 1 2184 227
13 26 2 1532 158
18 21 3 1497 157
18 16 2 1498 158
18 36 2 1446 154
20 26 3 1765 182
16 15 2 1588 169
9 8 2 1527 163
12 9 3 1478 160
12 31 2 1474 156
7 38 3 2175 224
10 20 2 2172 225
10 33 4 2171 219
26 16 3 1424 153
26 23 2 1427 151
19 11 3 1441 148
19 20 2 1443 150
19 32 3 1306 142
16 22 4 1446 151
16 18 4 1447 158
32 24 4 1361 138
32 16 2 1364 142
34 22 4 1378 150
18 29 4 1282 137
21 8 1 1355 144
18 38 2 1286 139
21 11 4 1351 138
6 6 2 1508 163
2 11 2 1187 126
0 24 2 1191 127
31 10 4 1473 157
0 21 3 1198 134
24 18 4 1252 135
24 29 1 1254 132
13 2 2 1231 132
13 25 2 1237 137
1 8 2 1238 139
1 25 1 1231 130
8 23 4 1365 142
8 20 2 1366 150
15 14 3 1294 134
15 36 4 1293 136
22 16 4 1465 152
14 15 4 1344 139
20 4 2 1507 160
22 27 2 1461 150
16 18 4 1523 163
15 12 4 1394 146
29 11 4 1568 172
18 26 3 1638 178
11 3 3 1365 145
36 9 4 1423 149
11 30 1 1363 142
26 30 1 1787 191
3 8 3 1451 150
38 38 4 1393 146
0 38 3 1436 155
30 39 4 1432 150
0 27 4 1436 155
30 33 3 1432 147
14 30 4 1435 151
14 7 4 1431 149
39 0 2 1502 154
37 18 1 1484 156
7 10 3 1507 164
37 17 1 1487 157
20 10 4 1554 164
20 16 4 1555 168
31 2 3 1424 153
31 17 1 1438 152
10 13 3 1458 154
19 22 3 1508 164
19 18 4 1503 158
23 27 2 1386 146
2 18 1 1533 164
11 3 1 1427 150
22 25 3 1646 174
37 11 3 1365 143
11 1 4 1323 140
3 31 1 1506 160
11 31 2 1324 140
1 35 3 1402 150
37 27 1 1367 144
3 13 4 1407 155
3 18 3 1407 154
10 13 1 1351 140
29 17 2 1387 146
18 2 2 1354 143
13 10 1 1408 153
29 36 1 1382 146
18 35 2 1351 139
17 22 3 1701 177
36 5 2 1332 138
7 35 3 1852 193
17 8 2 1706 180
5 24 3 1383 149
0 15 2 1735 180
14 28 3 1773 186
14 39 4 1774 185
10 27 2 1736 186
9 7 3 1738 187
27 31 2 1862 194
9 37 3 1731 180
10 0 4 1791 187
10 24 4 1448 156
10 5 4 1795 185
3 17 3 1382 143
17 3 2 1797 194
3 33 2 1381 146
17 34 2 1435 155
17 37 1 1796 189
11 19 2 1562 166
4 32 1 1443 151
24 33 2 1464 153
28 4 4 1786 190
11 9 2 1562 162
11 2 1 1565 165
30 31 2 1895 201
15 27 2 1976 205
30 6 1 1895 197
28 9 2 1964 204
34 12 1 1865 195
39 24 1 1806 191
22 35 4 1768 190
34 21 2 1865 198
14 7 4 1558 169
14 20 3 1555 166
5 33 2 1482 156
20 3 4 1661 170
13 3 2 1651 172
13 23 4 1658 181
5 38 2 1585 165
5 15 1 1581 163
26 12 2 1468 156
3 39 2 1583 165
30 12 2 1591 168
19 2 1 1875 193
9 10 1 1552 165
19 3 1 1878 200
10 21 1 1657 180
24 24 1 1853 194
24 33 4 1852 192
21 16 2 1575 166
21 1 1 1577 171
1 39 1 2064 217
36 38 3 2025 215
13 8 3 1896 196
13 15 2 1892 196
27 12 2 2225 233
37 0 4 1583 168
4 12 1 1862 189
27 37 4 2226 232
1 30 3 1985 206
33 34 4 1581 162
35 21 2 1924 204
13 19 3 2123 221
21 20 3 1493 158
10 28 1 1861 188
21 25 2 1596 173
34 31 3 1848 196
6 8 4 1797 194
23 38 3 1678 181
3 33 2 1747 185
1 32 3 1758 190
3 14 2 1745 186
6 8 4 1796 187
11 3 4 1723 176
23 26 1 1463 151
11 5 1 1726 183
0 19 2 1478 157
5 3 4 1561 164
0 36 4 1478 162
11 20 4 1468 160
11 22 4 1461 150
37 30 4 1472 156
16 35 1 1404 145
37 38 1 1476 156
30 11 3 1564 162
10 38 3 1771 182
16 5 2 1865 193
7 31 4 1556 163
34 18 3 1882 195
21 3 4 1415 150
15 21 2 1383 145
16 34 1 1861 190
7 7 2 1651 167
20 30 2 1658 175
37 18 3 1416 152
9 9 3 1507 163
34 0 4 1888 203
21 17 2 1416 151
38 7 4 1468 160
12 10 2 1637 176
12 31 3 1636 176
39 13 2 1543 164
33 10 2 1811 183
5 18 1 1814 186
33 18 3 1376 146
17 8 3 1787 190
17 20 2 1784 187
32 33 2 1863 190
10 12 3 1772 186
5 15 4 1811 185
9 28 4 1504 161
36 25 1 1802 189
28 3 1 1787 190
19 5 3 1532 159
30 27 3 1491 153
4 0 3 1685 181
19 24 2 1531 156
38 15 4 1807 190
32 8 4 1717 184
13 37 4 1745 182
4 5 4 1684 177
26 18 4 1677 177
0 23 1 1733 181
13 27 3 1743 179
21 12 3 1663 176
0 18 4 1691 178
22 20 3 1658 179
30 25 2 1841 193
24 20 3 1668 180
20 19 1 1796 186
24 20 1 1663 171
0 6 2 1812 188
36 7 1 1853 193
35 6 4 1847 195
30 2 1 1757 184
36 30 2 1851 194
35 8 3 1848 200
16 30 4 1708 179
30 0 2 1756 182
7 39 3 1966 204
7 33 2 1965 203
27 13 3 1907 205
31 21 3 1817 195
24 27 1 1793 189
24 31 1 1792 185
8 19 1 1742 177
8 8 4 1747 182
23 14 2 1804 191
23 20 1 1801 183
13 35 2 1794 185
34 12 3 1432 153
5 34 1 1515 162
0 9 1 1454 157
30 17 4 1583 167
30 38 2 1583 167
17 29 4 2038 213
0 38 3 1455 157
27 4 4 1433 150
34 14 1 1937 205
27 15 3 1436 157
34 26 3 1937 203
10 9 3 2191 221
10 30 4 2196 231
3 16 3 1452 150
29 16 1 2114 216
3 35 3 1458 159
23 6 2 2357 248
23 15 4 2351 243
36 28 3 1337 147
30 38 2 1486 159
38 33 1 2298 242
13 19 3 2228 237
35 28 2 1384 150
27 25 4 2163 222
22 13 1 2161 222
22 24 1 2164 225
15 22 3 2215 229
15 28 4 2217 236
35 34 2 1594 169
35 34 1 1597 173
23 30 2 1422 150
25 10 2 1474 156
25 19 1 1475 158
1 36 2 1556 165
1 24 4 1558 168
4 8 4 1506 158
4 17 2 1508 164
34 26 2 2313 238
38 12 2 1961 200
38 13 3 1967 205
33 13 3 1514 157
8 32 4 2252 229
19 34 4 1454 151
19 27 2 1454 153
25 23 2 2346 241
25 24 4 2348 245
29 23 2 1401 145
24 4 2 2456 258
23 2 1 1452 148
36 30 4 1445 157
22 35 1 1435 154
37 8 4 1422 151
3 34 3 2676 277
31 11 3 1415 149
38 30 2 2435 256
38 38 1 2434 250
29 15 3 2571 260
1 9 3 2545 267
36 19 1 2373 243
32 39 4 1358 146
32 18 4 1354 144
12 34 2 1746 187
12 27 4 1748 185
0 4 4 1716 181
20 9 4 2096 221
18 20 3 1604 171
19 36 1 2434 253
18 37 2 1607 172
5 33 1 1316 141
30 5 2 1364 147
30 27 2 1362 142
33 10 1 1411 149
12 4 2 2133 219
37 30 2 1726 181
25 23 2 1432 149
25 25 1 1434 155
20 7 2 1987 210
6 1 3 1347 142
20 34 3 2414 253
32 36 1 2415 249
34 17 3 2532 263
20 12 4 2414 249
22 5 2 1752 185
22 5 2 1753 181
1 6 3 1364 142
18 31 2 1815 194
31 31 4 1945 200
34 1 4 2531 257
18 18 2 1813 190
8 38 3 1892 198
8 16 2 1891 191
34 14 3 1807 195
20 31 3 1832 189
7 1 4 1837 193
18 20 1 1908 202
7 12 1 1832 191
38 2 3 1982 206
25 38 4 1795 192
8 37 3 1762 180
25 13 4 1791 184
8 3 3 1651 168
25 19 4 1591 165
38 21 3 1928 204
8 21 4 1653 176
21 27 3 2046 218
11 37 1 1696 182
21 27 2 2044 210
2 17 3 1884 198
33 17 4 1667 176
8 6 1 1587 168
11 14 1 1691 176
6 1 4 1624 174
8 9 4 1586 166
21 23 1 1697 184
38 10 2 1668 181
9 39 2 1667 180