0 37 2 04 6
37 15 4 65 19
15 7 4 197 34
7 39 3 345 46
39 13 3 461 53
39 35 4 465 59
13 38 1 535 65
35 36 3 593 63
38 5 4 656 76
38 33 4 655 78
36 3 1 633 68
5 23 2 762 79
3 23 3 686 76
23 20 3 792 89
23 14 3 762 86
23 24 4 793 90
14 7 4 867 95
33 32 3 781 81
24 34 2 903 94
14 12 2 867 99
20 6 3 897 100
12 17 2 993 110
6 13 1 1001 108
17 5 4 1104 118
13 7 4 1087 116
5 31 3 1188 130
12 7 1 994 106
34 37 4 941 96
32 4 1 817 90
37 13 4 961 98
7 23 2 951 102
4 7 1 908 105
37 10 1 963 107
7 3 3 1057 116
10 2 3 1073 113
3 12 1 1165 129
7 7 4 1067 121
7 18 3 1065 114
12 4 4 1294 141
18 26 4 1144 125
4 13 2 1418 151
26 14 3 1251 129
31 5 3 1304 141
14 14 1 1294 138
7 29 4 1162 124
7 21 2 1166 128
17 12 2 1107 119
21 3 3 1281 133
6 14 2 1001 106
3 1 1 1336 140
14 28 2 1062 110
1 4 3 1402 147
28 4 1 1105 120
3 28 2 1337 143
12 6 2 1193 126
28 28 1 1437 153
21 8 3 1287 140
29 9 3 1242 131
14 13 1 1386 147
14 21 1 1381 141
5 27 2 1413 146
5 7 3 1412 151
27 10 1 1463 151
14 17 2 1298 145
13 0 3 1518 166
13 12 4 1513 160
26 35 3 1251 127
12 14 4 1605 166
35 9 2 1272 134
14 10 4 1667 177
4 30 3 1415 147
18 35 4 1142 118
30 24 1 1475 159
7 16 3 1217 132
24 10 2 1594 165
16 23 1 1325 141
10 31 1 1656 179
23 25 3 1416 150
2 1 3 1137 128
2 1 2 1131 115
23 13 4 1026 109
1 34 4 1153 122
13 33 3 988 110
34 32 3 1225 129
34 4 3 1225 131
13 8 3 1091 113
4 2 4 1316 140
1 13 2 1154 123
2 28 3 1406 149
1 18 4 1283 136
1 35 1 1285 141
28 21 2 1496 156
25 31 2 1503 155
31 30 2 1798 193
31 17 1 1796 191
23 13 1 1416 148
17 33 1 1916 203
16 3 3 1325 138
35 15 2 1184 123
10 4 3 1774 188
15 34 3 1232 128
9 11 3 1345 144
34 22 1 1288 144
34 37 2 1288 141
10 4 2 1775 190
9 19 4 1344 142
35 1 1 1274 133
12 17 1 1607 172
0 12 4 1664 172
0 6 1 1663 176
12 19 4 1721 179
6 29 4 1761 185
19 10 1 1795 191
29 14 3 1858 199
10 24 4 1914 198
17 19 1 1454 153
24 3 1 1984 208
17 5 4 1455 154
10 23 3 1516 163
5 32 4 1546 164
23 31 4 1638 178
32 32 3 1644 173
7 17 4 1511 153
21 28 4 1413 148
21 27 1 1418 152
13 5 4 1478 160
13 6 3 1471 151
5 35 2 1602 166
9 18 4 1311 136
8 4 3 1403 148
28 21 3 1533 164
4 22 1 1485 161
6 38 2 1266 136
22 11 2 1613 166
38 32 4 1366 145
28 21 1 1437 157
32 31 1 1454 151
21 32 3 1576 164
4 35 4 1203 128
31 0 2 1516 161
32 24 1 1646 177
4 18 1 1477 159
1 35 2 1401 142
18 16 2 1593 165
24 28 1 1772 183
0 30 3 1618 176
35 14 3 1282 138
31 36 1 1511 157
21 24 3 1577 167
36 34 2 1577 171
24 18 4 1672 172
34 3 3 1714 181
32 30 1 1456 155
3 12 3 1818 193
30 24 4 1556 168
12 26 1 1934 203
11 23 2 1662 175
26 7 2 2038 217
23 11 4 1754 181
7 25 2 2172 221
38 1 1 1366 148
25 32 1 2214 231
1 17 2 1484 158
32 14 4 2314 242
17 35 1 1585 164
14 34 3 2426 251
35 12 2 1648 175
21 11 2 1648 176
35 32 1 1648 177
4 27 1 1485 158
18 37 4 1362 144
35 22 1 1668 180
35 23 2 1663 174
6 11 2 1512 157
5 6 1 1607 174
23 23 1 1747 187
11 38 4 1577 166
6 15 3 1746 188
27 17 2 1522 162
15 18 4 1886 197
28 9 4 1485 160
17 0 2 1535 160
9 8 3 1604 165
32 5 4 1734 182
31 39 1 1783 188
8 38 4 1655 175
39 11 4 1885 200
38 4 3 1751 182
32 12 3 1644 176
5 21 2 1547 166
3 2 4 2087 220
11 4 3 2004 207
21 1 3 1663 177
19 31 3 1532 160
14 23 1 1995 207
10 1 1 1918 200
4 37 4 2071 209
19 39 4 1794 188
31 26 1 1602 166
6 8 4 1767 185
1 30 3 2006 209
12 9 2 1721 181
26 27 1 1668 179
17 32 2 1722 181
30 9 4 2094 217
9 20 4 1818 195
17 33 1 1721 176
9 8 1 2178 230
1 28 1 1336 147
9 23 2 2177 231
8 26 1 2301 237
33 7 3 1762 179
26 14 4 2376 245
19 23 2 1425 149
23 31 4 2314 237
23 11 1 1496 157
4 29 4 1906 197
4 4 2 1901 199
11 39 2 1573 168
37 7 1 1413 145
11 11 4 1572 163
4 30 3 1997 212
11 25 1 1635 171
37 30 3 1412 151
22 4 3 1443 154
11 13 1 1445 157
4 28 3 1883 198
25 30 4 1714 182
39 6 2 1685 181
4 17 1 1888 199
3 36 1 1387 148
6 29 4 1816 189
33 14 2 2035 215
28 36 1 1983 206
29 34 3 1895 196
30 2 1 1824 187
36 9 1 2065 214
34 35 1 1962 199
13 26 4 1487 158
36 36 4 1487 160
17 37 4 1918 200
30 16 1 1937 207
35 25 1 1995 212
30 26 1 1932 200
25 6 1 2127 223
31 5 4 1552 160
21 29 2 1562 163
35 29 2 1413 148
18 10 2 1365 147
13 25 4 1231 126
13 12 2 1237 136
25 21 1 1267 136
5 20 4 1606 170
29 16 3 1638 173
8 39 2 1137 128
10 12 2 1472 151
39 12 1 1283 134
4 21 1 1314 142
32 13 2 1293 137
16 0 4 1732 178
12 22 4 1517 165
33 32 1 1108 120
12 12 2 1348 147
0 10 3 1781 180
12 5 4 1513 158
13 7 2 1371 140
21 25 1 1363 145
7 28 4 1403 145
10 10 4 1806 193
12 3 4 1475 159
10 35 4 1478 161
25 10 3 1453 154
20 5 3 1706 183
20 21 1 1707 184
3 6 1 1591 161
21 2 3 1845 190
39 13 4 1288 144
6 3 1 1616 173
26 21 4 2006 209
13 2 3 1446 156
16 0 2 2071 210
2 25 2 1568 165
26 4 4 2007 210
0 10 1 2102 214
36 24 1 1601 163
4 32 3 2105 221
10 17 4 2142 220
6 4 1 2238 235
12 14 3 1368 150
4 0 3 2356 247
21 14 2 1365 145
29 33 2 1487 159
29 31 3 1483 152
25 15 3 1265 139
31 1 2 1528 162
25 16 1 2123 216
26 28 4 1585 169
6 18 3 2232 229
37 37 1 2001 209
9 18 3 2142 220
36 32 4 2067 215
18 3 1 2291 238
37 18 1 2006 213
37 31 1 2093 216
2 11 2 1872 192
18 28 2 2201 225
36 12 1 1601 163
18 2 4 2291 232
18 32 3 2207 229
18 24 3 2134 218
3 37 1 2386 249
32 18 2 2291 235
37 23 2 2495 260
18 24 1 2357 247
23 24 3 2603 269
24 33 4 2471 256
24 1 3 2692 272
14 15 3 2156 228
17 31 4 1991 204
24 31 1 2475 260
35 13 2 1994 208
29 25 1 1895 197
30 13 3 1824 191
25 5 3 1978 211
25 2 4 1977 210
13 39 3 1577 172
4 11 1 1548 163
7 18 3 1454 155
11 18 3 1638 172
25 2 3 1714 179
30 36 2 2125 225
39 21 4 1722 178
2 26 2 2105 218
30 4 1 1511 155
21 26 4 1786 192
30 20 4 2121 214
4 3 2 1555 167
20 34 4 2142 217
30 27 4 1518 165
7 23 1 1452 150
27 36 2 1654 172
29 37 2 1975 209
23 19 1 1504 158
29 14 3 1974 208
36 33 1 1728 186
31 10 3 2372 247
14 21 4 2086 220
19 23 4 1588 168
10 21 1 2478 260
26 12 2 2378 253
33 4 4 1867 195
31 37 2 2372 246
23 2 4 1493 159
21 6 4 2201 228
7 26 2 1798 195
14 38 1 2458 257
28 6 2 1472 155
23 6 2 2315 240
10 4 4 2477 262
23 33 4 1688 182
28 24 4 1477 162
21 39 3 2601 263
20 20 2 1958 210
20 15 2 1953 199
32 14 4 1813 188
15 3 4 1997 207
20 25 2 2106 217
9 25 4 1811 183
27 3 3 1791 181
2 9 3 1593 166
30 29 3 2094 216
2 22 4 1591 166
38 30 1 2573 264
8 20 1 1858 199
6 17 3 2403 251
4 34 1 2626 269
4 28 1 1954 204
37 6 2 2093 216
39 36 1 1882 192
23 16 3 2072 217
4 10 3 2078 221
1 16 4 1776 190
31 34 3 1606 171
2 32 2 2201 228
16 20 3 1901 193
12 37 2 1766 188
29 8 4 2168 231
12 3 3 1764 185
4 7 1 1828 191
30 6 2 2643 268
11 23 4 2003 204
38 5 1 1756 186
5 37 3 1821 184
39 36 4 1882 198
0 32 3 1606 171
5 16 1 1826 190
0 20 4 1604 171
17 11 2 1625 169
17 23 4 1627 171
7 39 2 1911 194
18 39 2 1975 206
15 16 4 1885 196
38 35 2 1666 180
38 39 4 1663 174
6 3 3 1742 183
23 20 2 1873 196
23 39 1 1874 197
11 21 4 1571 164
3 16 2 1834 188
22 18 2 1805 189
20 27 2 1967 205
37 35 4 1444 153
27 13 4 1588 167
32 25 3 1778 190
27 30 3 2058 215
11 14 4 1766 188
11 7 2 1764 181
12 30 2 1756 187
34 13 1 2518 262
17 13 3 1585 167
1 38 2 1486 162
11 8 1 1812 186
23 2 2 1757 189
26 8 3 2035 212
24 24 2 1686 179
24 31 4 1687 178
12 28 2 1935 203
30 29 2 1555 163
3 27 4 1813 186
18 16 1 1725 178
18 32 1 1722 179
24 4 3 1678 178
16 2 4 1788 190
14 4 3 1381 142
14 25 3 1383 143
30 38 1 1764 183
4 30 1 1425 148
25 3 1 1435 152
28 4 3 1838 199
16 33 2 1657 177
16 8 3 1656 178
35 28 1 1421 151
35 11 2 1422 148
18 7 4 1591 165
11 22 1 1486 160
11 36 3 1481 156
28 15 1 1515 161
28 35 4 1518 163
8 9 2 1781 183
33 28 1 1774 184
9 23 2 1832 187
33 6 3 1773 184
4 6 1 1992 208
4 26 2 1995 206
3 14 4 1522 161
14 4 4 1613 167
3 10 4 1525 160
30 9 4 1485 158
25 23 2 1435 149
38 5 1 1831 188
2 30 2 1907 200
4 18 2 1788 192
2 37 1 1901 196
32 36 2 1797 192
32 17 3 1795 186
27 23 2 1866 200
28 37 3 2038 218
23 35 3 2006 208
29 15 3 1632 172
28 29 2 2037 211
31 19 1 1783 185
24 7 2 1794 184
8 29 4 2125 223
8 25 2 2122 221
2 18 1 1892 193
8 29 2 1862 195
38 9 3 1623 167
13 9 3 1677 176
9 20 3 1671 176
13 2 1 2624 267
20 26 4 1764 188
7 38 3 1817 191
30 25 4 1873 197
30 0 3 1872 193
7 31 4 1814 189
30 2 3 2152 220
14 9 3 1885 195
30 14 4 2157 225
14 20 1 1884 195
25 21 4 1903 196
25 38 4 1903 195
20 17 3 1957 205
35 35 4 1538 165
16 16 3 1883 195
17 25 4 2056 214
13 0 1 1678 176
13 16 1 1673 173
21 6 1 1642 170
39 14 3 1976 211
18 4 1 1897 197
39 34 1 1978 206
39 15 4 1743 178
21 26 1 1641 171
16 23 3 1966 206
15 13 1 1787 187
35 12 2 1805 192
3 0 2 1834 188
35 25 3 1808 193
12 11 4 1927 205
39 10 1 1947 204
39 4 1 2063 215
39 36 4 1944 199
23 6 4 1716 181
20 9 1 1713 175
11 20 3 1691 176
24 32 2 1624 171
9 34 2 1752 180
34 9 3 2693 274
34 23 4 2697 277
28 19 4 2047 216
6 3 4 2162 223
28 37 1 2043 211
16 24 3 2174 228
36 27 2 1921 200
20 10 3 1712 177
27 5 4 2005 212
10 19 4 2214 233
3 2 4 1818 192
16 29 4 1908 206
25 13 3 1832 190
34 11 4 1712 179
3 11 4 1813 188
32 32 4 2288 237
20 27 2 1937 201
37 9 1 1886 201
37 32 4 1888 198
4 0 4 2622 266
11 31 1 1791 182
3 27 2 1858 196
8 4 1 2312 237
9 29 2 2013 211
8 13 1 2316 238
6 26 3 2685 275
6 34 3 2681 275
29 5 4 2116 223
23 2 2 2041 206
26 1 3 2751 279
5 21 1 1862 196
37 18 4 1848 196
5 17 1 2234 231
36 11 4 1985 206
36 4 3 1985 205
32 3 3 1715 180
16 13 3 1902 193
16 30 2 1907 200
4 35 4 2053 212
17 31 4 2513 261
24 39 2 1626 169
30 22 3 2002 210
35 19 3 2127 227
20 0 1 1994 211
3 33 3 1801 183
20 2 3 1993 210
30 39 3 2642 272
22 33 3 1664 177
9 25 2 1663 173
3 14 4 2072 212
14 26 4 1881 194
6 35 2 2282 237
19 25 4 2277 241
25 28 4 1738 189
25 38 4 2176 227
6 32 4 2162 222
26 5 4 1945 205
14 25 4 2127 226
25 8 1 2172 224
15 19 2 1994 208
39 25 1 2632 270
39 37 1 2637 278
5 9 2 2057 217
33 39 1 1822 188
20 31 2 2106 221
17 11 3 2512 260
12 32 2 2534 265
33 17 4 1826 192
6 8 2 2404 248
6 10 2 1551 162
38 9 3 2576 267
26 0 2 1951 204
37 39 3 2464 252
12 3 4 2533 259
21 13 2 2607 272
14 26 4 2086 218
19 9 2 1585 169
26 39 2 2184 229
23 2 3 1504 161
37 19 3 2097 219
36 8 3 1722 179
34 7 4 2174 227
8 12 1 1797 190
3 31 3 1677 180
3 11 3 1678 178
26 11 2 1928 204
20 7 2 2142 218
26 0 4 1923 199
11 8 4 1787 190
26 5 2 2184 226
7 26 3 2186 232
21 14 3 1787 193
4 1 4 1551 162
26 2 1 2182 227
36 26 2 2257 238
0 7 2 1998 213
18 26 4 1723 181
14 29 1 1935 201
11 33 2 2047 212
2 33 3 1797 194
18 15 1 1722 177
18 36 2 1557 170
18 23 3 1555 164
15 30 1 1776 190
23 31 2 1646 178
5 22 2 2115 224
13 22 4 1915 199
5 21 1 2111 214
13 36 3 2087 216
15 8 3 2285 239
31 26 2 2601 266
36 38 2 2166 223
31 28 1 2041 208
1 21 1 2722 275
33 5 1 2566 263
33 13 1 2568 271
24 23 2 2698 280
21 32 1 2757 287
23 20 2 2607 275
18 24 2 2354 242
37 9 1 2492 259
32 9 2 2871 289
2 29 2 2327 244
24 22 3 2187 227
29 27 3 2442 249
11 26 1 1927 205
31 19 1 2162 225
12 30 4 1632 171
28 21 2 2258 235
32 36 4 2152 225
3 5 2 2383 247
37 20 4 2095 219
1 31 4 1624 171
16 9 2 2161 221
28 38 3 1698 180
36 12 2 2256 234
1 16 4 1623 168
15 19 1 1393 145
31 29 4 1522 161
15 15 2 1397 154
21 27 3 2353 245
15 36 3 1544 164
33 25 4 1597 169
14 0 4 1454 151
14 31 2 1457 158
0 20 1 2472 254
14 7 1 1506 159
14 28 3 1507 164
4 23 2 2351 239
17 13 2 2203 228
28 3 2 1646 173
17 30 2 2201 225
32 25 2 2214 231
24 23 1 1633 168
30 15 4 2252 229
24 15 2 1636 172
25 29 3 1652 169
0 33 4 2105 219
2 22 3 1567 165
21 17 3 2097 218
21 14 1 2097 222
33 14 4 2191 224
22 2 2 1651 172
3 5 2 1734 181
13 12 4 1443 148
2 34 4 1904 201
6 16 4 1614 166
5 1 1 1836 195
5 9 1 1831 185
10 6 2 1936 207
5 27 2 1584 167
17 5 3 2187 228
10 3 1 1542 158
25 11 3 1458 159
3 33 1 1586 167
35 22 4 1612 166
6 5 1 2073 211
28 12 1 1455 153
10 15 4 1935 203
7 21 3 1406 154
32 32 4 1207 133
32 39 4 1206 133
12 37 1 1345 147
12 24 4 1538 165
37 22 4 1472 156
0 35 1 1782 187
11 37 2 1595 166
39 38 1 1336 141
12 11 4 1473 154
38 36 1 1417 156
37 19 4 1667 179
21 36 4 1427 152
22 25 1 1658 174
21 18 3 1422 146
11 21 2 1542 158
38 24 1 1416 154
19 19 2 1797 192
36 39 1 1563 164
25 16 2 1743 179
37 11 4 1664 171
15 0 1 2036 216
24 25 1 1654 174
37 27 1 1477 161
22 9 4 1563 160
15 27 3 2031 207
16 37 3 1793 184
32 25 4 1331 135
39 39 1 1648 176
21 13 3 1546 163
35 35 3 1871 196
24 28 4 1656 174
5 4 1 2283 234
25 0 3 1741 180
21 27 2 1546 161
5 13 2 2114 222
22 9 4 1665 178
5 24 2 2118 226
34 8 1 2014 206
12 3 2 1536 160
11 4 3 1594 171
33 19 2 1675 173
3 22 1 1587 166
17 31 2 2187 232
5 32 2 1817 195
9 32 2 1781 181
22 35 2 1668 179
6 31 1 2073 213
13 15 3 2228 232
9 26 2 1851 192
9 21 2 1787 192
1 0 2 1951 204
16 13 2 1668 182
27 29 2 1673 177
27 4 2 1676 179
22 28 4 1663 172
5 30 3 1816 188
0 4 1 1806 190
35 5 4 1791 188
12 28 2 1488 160
14 28 2 2224 231
4 32 3 1793 184
1 38 1 1953 204
2 22 1 1725 185
26 24 2 1921 197
14 27 3 2248 236
12 34 3 1481 152
14 2 2 2246 233
2 12 1 1727 187
2 34 4 2336 242
14 33 3 2226 229
29 9 4 1693 179
29 26 3 1694 180
22 11 4 1652 170
15 37 2 1724 180
15 28 2 1728 186
15 16 4 2293 236
25 20 2 2317 241
23 3 3 1682 173
25 26 2 2313 241
30 36 4 2253 236
23 18 4 2398 250
13 20 1 2281 234
3 5 4 1735 181
7 21 4 1598 173
28 37 1 1645 173
7 3 2 1597 172
20 21 4 2544 265
20 22 2 2543 265
31 35 2 1581 161
31 15 2 1582 163
0 14 4 1518 164
25 13 1 1698 180
36 18 4 1644 175
36 20 2 1645 174
27 17 3 2455 258
27 38 1 2455 253
15 11 1 1542 162
9 35 1 2211 223
19 22 3 1456 158
19 15 2 1451 149
16 5 1 1681 176
29 33 3 1611 167
5 3 2 2473 254
15 16 2 1494 160
5 4 1 1762 180
12 26 4 2343 241
9 24 1 2211 224
36 37 2 2255 238
4 36 3 1804 186
31 17 3 1711 178
5 3 4 2472 251
38 19 2 1804 189
30 13 1 1711 175
21 38 1 2355 244
20 3 4 2193 229
30 11 1 1714 177
19 4 2 1895 195
19 14 2 2251 228
26 15 2 2057 215
27 11 4 2494 261
4 31 2 1958 209
22 11 2 2272 237
22 18 1 2278 237
11 38 2 2378 249
18 39 2 2373 247
9 39 2 2894 300
39 23 2 2473 258
9 11 4 2896 300
23 1 2 2588 273
9 25 1 2593 267
20 13 1 2753 280
24 3 2 2428 251
13 38 3 2712 275
24 4 2 2421 250
5 4 2 2634 273
23 29 3 2802 283
5 38 1 2634 273
3 15 1 2515 257
13 33 3 2807 292
26 22 1 2663 274
3 35 4 2513 255
28 35 3 2085 215
21 34 1 2753 286
38 4 1 2231 231
28 35 3 2085 219
38 5 1 2235 235
26 1 3 2663 277
8 22 2 2394 245
21 12 1 2143 223
22 5 1 1997 208
4 8 1 2317 246
22 0 4 2245 237
31 39 3 1782 187
12 20 3 2234 235
31 39 2 1786 189
30 32 3 1907 203
2 14 1 2276 237
1 31 4 2778 293
36 15 3 1701 173
33 26 3 2125 219
33 15 3 2127 221
33 27 3 1947 209
26 31 1 2382 248
33 34 4 1944 202
26 17 2 1812 189
15 38 3 1774 186
26 5 2 1813 186
7 26 4 2138 228
26 4 3 2381 244
1 19 3 1625 172
29 33 4 2011 205
0 21 1 1994 205
26 21 1 2328 246
21 16 3 2055 215
14 15 4 1932 199
8 26 4 1901 195
5 28 1 2265 234
15 16 3 1997 213
26 33 2 1955 201
11 0 4 2047 213
15 28 2 1992 202
11 27 1 1788 193
31 37 2 1804 186
33 5 3 2017 215
0 30 4 2131 217
12 8 3 1907 205
7 31 3 2277 236
8 37 2 1791 185
19 14 3 2197 234
2 26 3 1614 172
2 24 3 1614 171
9 39 4 1697 179
39 2 2 2297 242
28 1 4 2025 209
26 13 2 2182 225
27 32 3 1935 204
13 32 1 2721 279
3 13 2 2591 268
13 36 1 2728 284
39 26 1 2522 259
39 13 1 2527 267
0 19 3 2044 210
0 4 2 2046 218
9 27 4 2677 282
13 22 1 2676 274
9 26 4 2673 276
10 3 3 1623 169
27 16 2 2822 292
26 7 4 1728 182
8 36 1 2485 259
10 13 3 1627 174
17 5 1 1923 200
32 16 2 2657 279
32 22 2 2654 275
31 12 3 2214 230
11 1 1 2606 267
31 24 1 2211 227
19 30 1 2088 220
9 22 4 2174 225
39 26 4 1888 202
30 18 3 2202 226
24 10 1 2273 232
18 22 4 2265 234
10 33 3 2324 240
25 24 2 2706 283
39 1 3 1886 200
37 32 3 2787 290
24 22 4 2278 239
9 31 4 2178 227
5 0 4 2058 215
37 36 4 2787 288
19 4 3 2087 217
38 15 1 2273 235
8 14 2 2243 231
22 0 1 2396 247
32 19 3 2224 232
25 18 3 2261 232
18 33 4 2262 236
38 13 2 2277 235
25 26 2 2413 249
28 8 1 1891 192
22 14 4 2104 219
39 8 4 2722 276
2 3 4 2101 215
25 1 1 1735 182
2 20 1 2107 225
35 10 3 2377 251
19 19 4 2323 241
10 7 3 2327 242
22 39 4 2343 242
33 4 3 1771 182
35 18 2 2373 244
4 36 2 1824 187
1 4 3 2001 204
14 33 1 2123 219
33 25 1 1773 185
26 21 2 1947 202
0 20 4 2117 220
33 20 3 1833 192
39 26 2 1691 178
13 12 2 1938 204
31 26 2 2618 275
13 8 3 1934 201
8 38 1 2012 207
33 26 2 2191 221
3 21 1 1805 190
4 14 2 1821 190
33 4 1 2363 246
39 34 4 2424 247
11 21 3 2061 213
18 14 4 1967 207
17 24 3 2311 235
4 39 1 2052 215
21 28 2 1962 206
21 37 1 1962 201
18 31 3 1963 207
1 8 2 2791 282
2 9 3 2064 213
1 35 4 2793 284
34 4 3 2756 283
29 32 4 2111 216
26 36 1 2756 287
13 14 1 2388 247
4 11 1 2378 253
28 1 2 2064 211
8 27 1 2823 289
32 4 1 2167 229
4 32 1 2831 289
32 38 1 1981 207
27 21 1 1966 206
31 17 1 1824 193
27 1 1 1964 207
0 31 4 2666 277
9 22 3 2014 207
35 11 4 2845 292
27 32 4 2011 210
2 10 4 1927 205
11 1 4 1796 188
29 36 3 2061 213
11 15 4 1888 198
27 7 4 2018 210
13 20 3 1906 200
11 38 1 2923 297