0 27 1 06 8
0 29 1 05 8
27 3 1 82 11
29 12 4 85 15
3 34 1 115 18
29 32 2 83 19
34 11 2 184 26
32 15 4 192 29
34 10 3 181 21
12 21 1 158 30
3 3 4 115 22
21 6 4 301 35
21 12 3 304 38
6 28 4 354 43
12 9 3 382 42
28 27 3 435 49
10 30 2 213 32
15 6 4 297 42
27 37 1 492 59
6 19 3 424 49
37 35 2 594 69
19 13 3 493 53
15 21 1 293 36
11 24 3 261 32
32 13 3 194 28
21 15 3 366 47
13 11 1 538 64
21 24 3 362 42
24 0 2 326 46
24 0 1 323 37
15 21 4 474 54
24 3 1 424 52
13 31 3 531 55
35 37 4 697 81
3 22 2 526 62
35 4 3 696 76
22 16 3 623 72
4 19 2 762 84
19 30 3 494 61
19 24 1 847 96
6 39 2 421 51
30 37 2 321 36
27 29 3 494 55
9 32 3 427 54
9 0 3 428 54
28 18 3 434 55
0 27 2 541 62
18 2 4 553 59
27 21 4 625 68
27 2 3 621 65
2 27 3 656 77
3 7 1 223 30
3 15 1 226 34
7 39 4 304 41
39 34 1 417 53
39 38 4 418 55
34 39 1 532 57
34 36 1 533 57
38 19 2 551 57
15 36 3 343 38
15 15 4 344 44
27 23 2 774 82
27 31 2 776 88
23 4 2 825 90
2 33 3 658 79
21 35 2 683 73
33 39 3 798 95
2 38 4 598 68
0 8 4 543 59
32 33 1 547 66
38 23 3 687 76
33 34 2 668 81
32 8 2 544 62
29 7 2 555 65
8 37 3 626 75
37 1 3 363 44
39 17 3 518 64
1 4 2 447 58
39 4 3 518 67
4 12 2 587 71
4 6 4 676 77
12 34 4 716 79
24 25 3 967 106
34 15 4 791 81
24 22 3 961 103
15 10 1 816 91
30 11 3 615 67
19 39 4 848 97
11 24 1 678 82
39 21 2 977 112
16 17 4 724 82
4 28 1 767 85
37 4 1 813 86
37 3 3 816 89
31 12 2 558 65
3 29 2 897 104
31 31 4 558 67
29 25 4 1043 111
31 16 4 671 71
13 7 1 282 35
3 22 2 527 66
21 17 2 547 63
0 27 4 371 43
17 5 4 633 71
27 14 4 434 48
21 8 2 547 63
0 25 2 377 45
0 16 1 466 57
0 16 4 464 52
16 19 1 572 67
15 30 1 472 55
11 16 2 646 76
30 12 2 558 69
16 23 2 767 84
12 19 1 697 78
16 4 4 767 87
30 33 2 553 62
19 35 2 678 80
19 36 3 676 80
16 39 3 526 60
36 18 2 808 90
16 4 3 522 62
18 2 1 907 104
25 37 2 451 48
2 2 3 1047 117
37 38 4 486 58
8 6 2 631 67
14 38 3 482 58
14 5 4 486 60
38 4 1 588 70
5 28 1 711 80
4 4 1 701 72
5 12 2 716 78
4 32 1 721 78
27 36 1 432 50
22 9 3 668 77
32 3 1 786 88
7 13 3 356 43
36 25 3 504 58
13 11 1 438 54
16 20 3 714 78
25 26 1 588 71
25 38 3 588 74
20 28 4 785 86
11 16 2 541 56
16 31 4 715 82
25 0 1 1117 126
25 8 3 1114 122
16 27 1 565 62
31 27 4 676 80
31 23 3 827 94
8 36 4 1223 128
23 1 4 944 105
36 28 4 1288 137
12 36 1 652 75
3 24 2 895 98
36 19 4 758 87
4 32 3 865 96
19 31 1 876 99
28 19 1 854 91
31 16 1 996 108
19 28 2 913 96
16 1 3 1087 119
17 25 1 823 92
17 26 4 824 91
21 25 4 1127 123
21 18 1 1126 124
25 14 3 1233 133
24 24 2 824 91
39 8 4 975 106
11 5 3 671 75
8 16 2 1062 111
10 8 3 917 100
16 19 2 1114 119
8 16 4 1002 106
19 15 2 1194 128
22 23 3 1037 116
15 8 3 1287 142
22 12 3 1032 108
23 14 3 1165 129
15 24 3 814 86
25 11 1 1066 115
12 34 3 1084 114
12 19 3 1083 113
24 19 4 864 93
25 32 2 1062 112
34 29 3 1147 125
34 15 2 794 84
6 24 4 773 86
12 19 3 712 74
4 34 4 585 68
15 31 3 847 96
34 22 1 682 73
24 4 2 865 92
17 17 4 646 78
1 4 1 448 60
17 32 2 788 87
37 1 4 755 86
37 28 3 753 80
1 30 1 863 91
28 13 4 804 92
7 17 1 657 80
13 17 2 923 97
17 22 3 806 94
7 7 1 656 73
22 5 3 945 101
7 3 1 735 80
5 35 1 1017 114
3 12 2 807 93
8 24 3 624 69
12 23 4 931 102
24 37 2 691 77
23 8 2 1027 112
34 10 3 815 87
34 18 3 817 95
23 25 3 763 85
18 35 3 958 105
23 22 1 768 87
25 34 4 856 97
8 34 2 592 65
34 0 2 971 103
38 14 1 681 74
39 22 3 957 110
39 2 1 954 106
14 35 4 743 83
35 10 1 735 85
33 18 2 796 88
10 14 3 858 98
4 16 3 904 97
14 15 3 985 108
4 35 4 904 96
31 38 1 885 95
35 34 1 961 104
38 0 1 958 105
34 18 3 1045 116
34 15 1 1045 111
15 0 4 447 52
15 3 4 1117 123
36 35 2 387 53
19 34 4 578 66
3 4 4 1237 133
36 26 1 573 66
39 29 3 574 62
26 21 2 661 69
29 9 3 625 73
9 34 2 737 83
9 11 2 732 81
38 28 2 558 70
11 3 1 818 94
34 25 2 838 96