0 49 3 08 11
0 2 2 06 11
49 40 1 111 19
2 1 3 117 23
40 23 1 195 25
49 43 4 111 15
23 29 4 257 33
23 34 2 258 34
1 41 1 238 36
34 8 2 344 44
41 16 3 368 48
40 13 3 193 28
16 29 1 485 55
8 15 2 447 59
29 14 1 555 62
15 0 4 597 68
29 30 4 338 42
14 22 1 624 68
30 19 2 422 50
29 27 2 338 43
43 25 4 158 28
27 4 1 433 50
43 8 3 157 28
4 0 2 505 56
4 49 3 503 59
25 8 3 283 35
25 18 4 288 41
8 15 1 358 47
27 16 4 436 52
19 35 3 501 58
19 40 3 502 54
35 26 2 584 64
40 16 3 548 70
26 47 4 645 75
22 27 3 684 73
22 36 3 683 78
27 41 2 733 79
0 19 3 685 76
14 45 3 626 71
19 9 2 767 87
29 25 2 554 60
9 39 2 873 91
13 33 3 285 39
39 13 2 912 99
33 26 1 397 49
13 24 2 991 105
26 16 2 492 55
13 10 1 282 38
16 0 2 551 63
10 44 3 385 47
0 46 1 635 75
44 21 3 476 58
46 44 4 752 84
44 48 2 474 58
0 25 1 637 78
10 29 3 388 54
16 24 4 558 64
29 41 4 546 62
24 16 4 1052 111
24 18 2 1053 115
16 44 2 1112 120
26 47 3 494 57
33 18 4 395 52
25 49 2 608 72
18 39 3 522 56
25 31 3 608 73
45 20 3 711 73
31 48 3 735 79
20 15 1 731 76
45 38 3 714 83
19 14 2 763 81
41 16 1 791 84
36 46 1 782 86
16 48 1 844 90
46 45 3 864 93
48 2 4 904 101
45 46 3 934 102
2 25 2 1011 106
46 33 3 1027 110
25 47 3 1063 110
47 12 3 751 83
33 39 4 1101 113
47 44 1 1101 117
39 29 4 1136 126
16 17 3 702 79
26 19 1 643 75
17 27 3 796 93
40 37 1 548 70
19 37 4 755 83
16 47 4 525 58
16 34 1 525 58
47 23 4 587 73
34 22 4 582 61
23 14 1 733 78
15 10 3 473 57
18 15 1 418 55
10 14 1 574 63
15 44 1 556 68
14 33 1 634 70
44 42 1 686 78
44 3 2 682 71
8 46 3 357 48
49 20 2 592 62
46 31 3 482 52
20 5 4 625 70
31 3 2 521 57
0 18 4 563 62
0 37 2 564 61
8 33 3 281 34
37 2 4 616 69
33 3 2 343 43
2 23 1 694 79
8 48 2 283 36
23 17 4 791 86
48 49 2 361 41
17 30 4 864 92
3 5 3 433 52
2 5 4 693 74
33 29 3 341 36
37 7 4 617 74
18 4 1 621 66
7 31 1 743 78
4 45 3 667 75
3 45 3 572 64
31 40 2 788 91
45 12 1 644 75
5 26 4 704 82
31 27 3 527 67
3 4 1 717 86
27 24 2 675 73
42 8 4 782 83
24 36 3 738 82
24 34 2 736 84
33 27 2 708 85
15 17 1 557 64
10 35 4 574 69
14 12 3 786 85
17 30 3 647 75
14 12 3 786 91
30 11 4 756 84
22 41 1 612 66
11 14 2 845 93
23 43 3 736 81
34 20 4 586 69
14 14 2 934 104
20 17 1 698 85
47 39 2 587 73
17 4 1 854 91
37 16 3 831 91
4 40 3 918 103
37 7 1 831 88
37 24 4 707 83
27 15 2 937 106
19 41 4 753 81
15 27 2 1065 113
41 41 1 813 92
27 41 1 1131 117
41 15 2 926 104
41 28 2 1171 121
15 24 2 1044 109
17 3 3 797 89
29 16 1 1264 133
44 32 3 1177 132
12 47 2 835 92
32 11 3 1323 141
11 3 2 1416 148
47 44 1 1104 115
3 35 4 1481 151
33 10 3 1107 125
35 27 3 1517 159
25 49 4 1061 114
27 48 1 1595 165
46 6 1 1021 107
48 23 3 1656 173
48 5 1 904 99
23 22 3 1733 182
5 7 1 991 106
46 3 2 864 98
14 6 4 816 90
3 30 2 985 104
6 9 1 903 99
30 44 3 1041 107
9 6 4 994 105
44 22 1 1071 114
6 14 3 1055 115
38 34 4 832 91
15 7 3 764 82
15 38 3 763 80
48 48 2 795 92
48 33 3 793 90
48 42 3 923 100
31 29 1 733 80
39 48 3 568 66
49 46 3 724 84
48 42 4 664 71
46 42 1 847 99
18 41 3 521 56
47 19 1 575 69
44 26 4 1205 129
19 9 4 698 81
26 7 1 1295 138
18 36 4 1154 124
18 31 4 1157 126
36 13 4 1242 128
31 43 2 1268 141
13 18 3 1284 133
43 10 1 1412 146
18 7 1 1338 148
18 17 4 1331 141
16 8 2 1115 120
17 34 1 1416 149
41 32 2 624 69
34 3 3 1498 161
32 10 1 694 77
3 26 3 1613 167
10 25 1 775 83
26 43 2 1678 181
41 38 4 626 69
24 35 3 648 78
38 26 1 691 75
29 12 4 544 65
26 24 2 758 91
25 17 4 787 89
12 42 3 653 75
48 31 1 584 66
42 44 2 751 83
48 29 3 583 67
31 43 4 667 81
29 44 1 678 83
44 13 3 841 88
44 46 3 831 90
44 1 2 842 89
13 29 3 885 100
21 2 4 582 61
29 9 3 1004 107
21 37 2 585 68
9 26 1 1073 112
2 1 3 615 68
1 0 2 897 97
46 17 2 906 104
13 39 3 883 98
17 17 2 1042 112
39 0 3 982 102
17 16 2 1125 125
43 3 4 815 90
43 29 1 814 93
44 37 1 834 88
29 3 3 938 109
17 13 3 898 101
3 32 1 1095 121
24 11 4 912 95
32 36 2 1214 131
36 44 4 1313 140
26 30 4 755 81
35 5 3 786 88
44 3 2 1403 148
38 18 1 692 77
43 36 3 1813 187
3 38 4 1484 153
18 8 2 777 85
26 21 1 1676 174
36 38 2 1877 199
25 9 1 832 86
10 9 2 773 83
34 8 1 1492 153
8 49 4 1208 132
9 41 3 831 91
38 19 1 1992 203
8 16 3 1531 161
8 7 3 1203 130
49 26 1 1327 140
41 40 4 916 104
17 30 3 1414 153
7 5 4 1304 142
7 21 1 1486 156
10 9 1 1461 149
43 44 1 1418 156
13 21 3 1284 139
44 40 3 1563 160
31 44 4 1267 134
36 38 2 1246 135
44 29 1 1347 145
7 4 3 1383 142
38 45 1 1355 147
4 40 1 1421 146
45 0 4 1474 153
7 6 3 1384 145
40 6 3 1468 162
9 23 2 814 90
0 49 4 1534 163
9 32 3 811 88
49 39 2 1634 168
26 22 3 1295 137
39 44 1 1684 175
39 39 4 1683 172
22 4 2 1378 149
39 1 3 1724 181
39 1 1 1728 182
1 23 3 1818 196
19 37 2 691 74
1 13 4 1827 193
41 27 1 562 64
42 23 3 991 106
42 45 2 997 111
23 33 1 1067 120
23 23 3 1068 118
42 21 1 717 81
33 26 1 1201 126
42 6 3 712 75
26 8 3 1266 137
6 9 3 754 82
46 32 4 847 98
48 18 2 661 75
18 16 2 758 91
18 34 1 752 80
29 36 2 808 96
29 0 3 802 83
42 11 4 1001 108
42 32 4 1003 109
33 43 4 906 102
33 48 4 904 102
43 14 4 1027 114
48 46 1 924 101
14 32 3 1145 126
46 38 3 1018 110
38 3 1 802 87
38 32 4 1103 119
3 32 4 876 98
38 13 3 805 89
7 43 2 821 86
32 32 2 985 111
7 4 1 826 93
32 39 4 1111 120
34 9 4 918 107
39 37 4 1206 130
9 15 2 1076 120
34 39 3 911 94
15 46 1 1201 129
14 21 4 1152 123
39 20 2 946 106
15 32 3 1206 130
22 43 3 1146 126
21 11 4 1238 132
21 2 3 1238 135
43 9 2 1266 135
6 16 1 1057 117
11 0 4 1326 139
9 34 1 991 105
9 17 1 1354 145
30 8 4 1045 116
11 33 4 1328 144
6 13 1 903 99
0 45 4 1398 150
7 19 1 1068 117
22 33 3 1826 191
22 46 4 1828 192
13 43 1 994 108
5 5 2 991 108
6 14 4 1072 110
17 28 1 1454 154
33 25 1 1914 201
14 9 4 1105 119
5 22 1 1083 116
28 46 4 1547 169
14 12 4 1104 119
46 9 1 1697 177
12 36 4 1194 126
9 23 4 1772 184
9 30 2 1773 188
23 8 2 1848 197
48 27 2 1652 168
8 23 1 1976 208
49 47 4 1144 123
27 10 3 1684 175
23 31 2 2081 216
47 14 3 1233 129
10 44 1 1255 135
14 7 2 1295 135
44 4 2 1357 149
35 3 1 1517 162
44 28 4 1158 125
11 33 4 1412 144
47 2 4 924 98
32 29 1 1324 140
33 48 3 1446 158
16 1 4 1338 142
3 10 4 897 98
24 36 3 1098 118
2 25 4 984 109
28 43 1 1212 127
28 19 3 1212 129
41 7 4 1172 125
41 25 1 926 106
27 43 4 1133 119
41 25 1 812 88
15 18 2 1061 113
1 18 4 1422 145
36 12 4 1184 125
24 37 1 832 87
7 25 3 1257 133
24 13 4 832 86
7 39 2 883 92
40 21 3 1037 117
39 23 3 928 101
21 11 4 1171 120
25 6 1 1337 141
16 36 4 916 104
16 32 4 918 107
23 8 3 1015 112
4 27 3 917 101
39 48 3 733 79
11 23 1 1201 126
39 49 4 738 87
14 2 3 1043 109
43 42 1 812 90
27 24 1 1014 106
48 12 1 793 84
14 10 3 935 102
41 42 1 667 76
11 23 4 845 92
42 12 1 904 98
12 10 1 915 99
12 44 2 917 101
30 32 2 757 83
49 7 1 876 99
12 24 3 857 97
23 16 2 1266 135
24 21 2 1064 118
23 25 2 923 101
35 14 4 693 76
21 39 1 1183 124
17 48 3 642 69
27 0 3 854 90
25 17 2 1018 115
24 9 1 978 107
16 4 4 1353 142
34 1 4 848 96
36 3 3 826 92
14 8 2 765 89
39 7 4 1244 131
36 12 1 824 89
8 23 3 833 89
7 2 1 1317 139
4 11 4 868 101
4 36 3 867 96
26 46 1 825 90
12 16 3 753 81
23 34 3 891 91
2 1 4 1395 146
11 49 1 1016 115
40 40 2 912 99
7 46 4 1311 139
11 3 2 1011 109
16 39 2 811 83
45 12 2 751 83
4 32 4 663 75
39 23 2 833 87
12 21 3 831 91
7 3 3 741 77
29 31 3 366 50
29 49 1 367 47
5 34 3 748 84
31 43 4 507 59
49 32 4 478 60
34 11 3 848 95
5 17 4 526 59
30 44 2 926 104
11 16 1 957 109
49 25 1 415 54
16 48 3 1098 118
25 46 1 548 66
48 14 3 1183 124
46 24 2 667 74
17 2 2 866 98
14 28 3 1247 139
46 10 1 665 77
25 21 4 542 61
16 6 2 1093 116
44 31 4 1041 106
21 39 2 618 73
31 19 1 1062 112
39 18 2 734 85
17 1 1 598 74
11 26 2 955 104
32 7 2 601 67
1 8 1 748 89
43 30 4 595 71
43 39 1 598 72
49 42 4 476 57
3 46 3 771 82
21 28 3 918 103
42 27 4 578 68
21 32 3 913 101
23 41 2 872 95
12 23 3 836 92
32 14 1 755 82
23 26 3 878 101
3 4 3 1095 115
26 39 4 1015 107
39 38 4 837 98