0 14 4 01 6
14 18 2 67 20
14 9 1 62 14
18 15 2 208 33
9 12 3 143 25
15 3 1 333 39
12 4 4 258 34
3 16 3 391 42
4 13 3 345 42
16 3 1 422 51
4 5 4 343 41
3 6 1 516 59
12 17 4 251 30
6 8 1 591 61
15 11 4 334 41
8 18 2 617 74
9 13 2 147 25
18 7 2 741 78
11 6 1 413 49
8 13 1 615 72
6 5 3 492 52
13 12 3 727 85
5 7 3 522 59
17 2 4 303 35
5 9 4 412 45
7 8 3 594 70
13 18 1 427 50
16 0 1 425 53
8 15 2 701 73
9 6 1 452 54
2 12 3 358 44
7 6 1 592 68
12 1 2 854 95
12 13 2 853 93
6 2 1 686 79
6 16 3 498 60
7 12 3 781 86
7 13 2 785 87
12 15 4 863 95
13 19 1 877 98
13 0 3 256 37
13 10 2 252 29
0 1 1 374 47
19 2 4 983 105
15 6 4 954 102
15 13 4 958 108
6 8 4 1023 109
12 2 4 863 93
8 11 4 1092 114
16 16 1 607 70
2 3 3 791 84
11 17 4 1145 122
13 0 3 933 103
3 1 2 844 92
0 3 2 1035 111
1 5 4 954 104
12 2 2 441 48
5 6 1 1042 108
5 8 1 1048 117
6 8 4 542 63
8 3 1 1178 133
8 1 2 1175 123
3 5 4 1338 147
1 12 2 1231 128
6 14 4 546 65
12 8 4 1285 141
15 2 3 731 77
14 10 3 651 70
2 2 1 774 88
2 16 4 881 97
15 8 2 733 77
16 8 3 977 109
0 17 1 533 62
8 15 1 1094 118
17 13 2 628 71
15 19 1 1187 130
13 5 1 717 82
19 10 4 1305 139
18 0 4 505 61
5 17 2 822 85
10 12 1 1395 145
5 9 4 823 88
19 10 3 1302 139
13 18 4 713 78
17 12 4 622 72
18 6 4 787 86
12 3 4 723 76
6 3 3 868 102
8 1 1 775 88
3 9 1 766 84
3 2 1 1028 116
1 16 4 886 100
16 7 2 978 109
9 13 3 844 89
16 19 2 1003 111
13 2 3 896 101
2 5 1 888 102
2 8 1 1015 109
5 3 4 1023 107
8 19 2 1091 113