0 5 1 07 12
5 9 4 122 18
9 1 2 184 25
9 10 2 181 24
1 8 2 254 32
10 0 1 242 27
1 5 4 258 40
8 8 2 326 40
8 10 2 321 34
8 17 1 404 52
8 0 4 407 52
10 14 3 341 37
5 6 2 408 56
14 19 4 375 45
6 19 1 564 63
19 0 3 455 57
19 18 3 635 70
0 18 1 277 42
0 16 3 576 69
18 10 4 424 52
18 12 4 426 54
19 17 3 631 69
19 19 4 458 57
17 10 2 691 74
6 19 3 561 65
10 9 2 745 81
0 10 4 524 58
19 18 3 655 77
17 19 1 525 65
10 19 3 582 67
19 11 2 676 77
9 1 1 814 90
19 5 1 678 82
19 6 2 573 66
17 2 2 694 78
12 10 3 541 61
2 17 4 785 89
10 17 1 618 76
12 17 1 545 61
17 0 4 766 86
17 18 4 612 65
0 16 2 863 91
10 13 1 525 62
10 12 3 523 60
13 19 3 627 77
12 17 2 601 65
19 17 2 771 86
17 9 1 653 76
17 10 1 861 88
9 10 3 767 85
16 9 4 691 77
10 4 1 857 100
18 10 4 708 79
4 3 1 1004 111
4 2 4 1002 108
9 12 3 776 86
3 15 1 1114 121
2 18 2 1087 116
15 12 3 1217 136
18 0 4 1162 120
12 6 1 1366 146
0 8 4 1202 130
9 0 2 771 85
10 16 1 886 95
10 9 2 883 98
9 1 4 764 82
17 5 4 653 74
12 14 3 601 65
16 8 4 915 103
18 15 2 654 76
0 0 1 865 98
17 7 2 614 73
17 3 4 764 86
7 16 4 735 79
3 12 4 862 90
17 13 4 893 94
17 7 1 893 99
13 3 2 943 102
10 11 4 612 65
3 16 2 1023 110
2 1 3 782 81
6 12 2 663 72
1 3 4 815 91
12 18 1 724 84
6 11 3 664 78
5 17 2 827 95
11 9 3 782 87
1 12 3 902 99
9 7 1 877 101
11 1 3 778 92
19 4 4 653 76
18 14 3 774 86
18 11 1 776 86
14 3 2 862 94
14 6 4 863 94
4 3 1 762 81
1 16 1 921 101
1 8 2 925 105
7 2 3 1016 109
7 6 3 1016 109