0 16 1 02 6
0 39 2 04 9
16 32 3 66 19
39 33 3 91 11
32 25 3 192 25
33 27 4 115 21
25 39 2 258 36
27 27 2 215 27
39 21 2 96 16
27 38 2 276 38
21 13 3 163 27
38 32 1 385 45
27 1 2 277 38
39 39 1 366 48
27 8 4 211 30
1 35 3 384 46
8 23 3 305 37
25 11 4 258 36
23 11 2 378 48
11 38 2 361 45
33 17 3 111 13
38 29 1 452 53
17 35 4 136 27
17 5 4 135 25
35 25 4 273 34
38 16 2 453 55
25 21 1 347 42
16 31 4 553 62
11 32 2 486 62
11 23 3 485 55
32 16 2 626 76
23 8 2 371 39
16 37 2 768 89
35 2 4 461 53
37 4 3 891 92
2 34 1 537 62
4 17 2 923 100
34 10 4 626 73
39 15 3 482 53
10 32 2 736 81
1 13 3 384 48
32 7 2 458 61
32 32 4 453 50
13 36 3 273 37
13 10 4 277 35
36 33 2 375 43
38 27 4 386 52
21 36 3 162 24
27 20 3 528 66
36 36 3 247 35
27 24 2 521 57
36 32 1 351 37
36 22 1 354 43
24 27 3 575 68
33 37 3 437 57
10 6 3 355 43
37 24 3 576 71
6 32 2 438 56
36 14 3 373 45
32 29 3 567 68
14 39 1 454 51
32 27 3 508 62
39 3 3 517 64
7 10 4 617 71
13 28 1 482 56
10 24 2 712 74
28 37 4 561 62
24 29 2 744 79
13 3 2 485 55
37 27 2 622 67
32 27 3 813 90
27 31 2 676 75
27 5 2 908 101
15 21 3 531 60
10 0 3 735 84
17 20 1 1004 112
0 0 1 844 93
20 4 1 1126 125
0 12 4 934 105
34 14 4 625 75
4 29 3 921 101
14 13 3 752 82
29 8 3 1014 110
2 30 4 536 66
8 7 3 1101 116
30 19 2 663 73
7 39 2 1168 131
19 9 1 733 80
8 26 1 394 45
9 36 1 806 93
26 10 2 456 58
36 21 1 933 101
16 39 1 762 85
21 27 4 1011 110
23 31 2 556 65
32 13 3 621 66
31 30 3 654 77
31 16 2 625 70
30 17 2 775 90
16 28 4 701 74
17 32 1 901 93
28 6 2 742 83
21 22 2 428 52
32 39 2 933 103
16 13 1 551 59
39 1 4 1036 111
13 0 4 598 75
1 5 2 1112 115
25 21 2 345 44
5 18 3 1154 120
5 17 1 252 34
18 14 1 1201 122
29 23 4 536 65
14 15 3 1226 131
23 9 2 654 70
17 7 2 341 39
21 26 3 444 52
5 33 4 1152 121
26 14 2 528 64
33 10 3 1218 130
0 14 4 756 84
0 0 4 753 84
14 5 2 845 91
0 35 3 845 92
5 1 4 914 96
1 5 3 1115 124
22 26 3 526 65
5 35 4 1247 139
6 19 3 832 88
35 21 4 1398 150
32 27 4 936 106
28 19 3 746 86
17 5 3 907 98
19 9 4 863 91
16 14 1 703 80
9 23 1 913 99
30 31 2 778 87
13 10 1 661 75
23 37 2 993 106
31 0 2 653 75
27 9 4 1106 121
39 39 3 855 91
21 29 1 1017 116
10 22 1 587 69
10 6 2 584 67
22 24 4 693 78
36 13 4 934 104
39 12 1 1315 141
13 38 2 1043 108
39 32 1 1316 141
38 7 1 1081 110
19 39 1 731 79
32 32 3 1414 150
39 29 1 796 89
7 29 4 1164 126
29 23 2 896 103
8 33 2 1108 125
23 35 2 1033 108
13 15 4 822 91
13 22 3 825 95
35 32 1 1083 112
29 3 3 1017 109
14 10 4 752 79
32 12 3 1126 126
12 25 2 1052 108
4 37 4 1253 130
12 37 2 1263 136
20 34 3 1122 122
37 25 2 1304 137
37 31 1 1363 145
0 4 4 846 94
31 1 4 1452 151
4 23 3 947 103
4 32 1 948 108
23 2 4 1031 106
21 11 2 601 66
2 2 4 1062 115
21 9 4 606 72
2 5 2 1152 124
5 33 4 1017 114
5 1 3 1243 135
31 31 3 758 87
27 28 3 901 94
31 23 1 876 99
27 5 4 674 77
3 5 2 557 69
29 1 2 797 90
5 15 1 775 87
29 15 2 796 89
37 1 1 627 72
15 26 1 896 100
24 30 1 741 78
3 17 4 644 69
27 10 4 623 67
30 14 1 788 89
30 29 1 781 83
17 10 2 697 77
14 18 2 898 103
27 26 4 624 68
18 12 2 1031 106
18 2 1 1035 111
39 35 1 516 61
12 11 2 1061 111
29 38 1 687 83
11 26 2 1113 116
14 17 3 458 59
24 30 4 718 84
17 30 3 592 69
24 10 4 711 73
30 8 3 846 93
6 23 4 432 52
10 24 1 736 85
37 17 4 572 60
23 30 1 521 58
27 34 3 685 79
17 4 4 601 66
22 12 4 437 57
32 37 1 375 44
4 25 2 668 79
20 21 4 665 75
36 31 4 248 36
37 6 4 441 48
12 18 1 577 66
31 4 3 362 39
6 1 3 482 54
4 0 2 395 49
34 12 1 794 89
1 23 1 543 59
30 21 1 581 67
12 9 2 891 92
30 16 3 584 63
17 15 2 604 66
24 16 2 854 95
23 34 3 523 61
16 0 2 955 101
8 2 3 931 99
30 3 1 696 76
0 20 1 1012 107
30 16 3 841 91
20 2 4 1078 121
16 39 2 912 94
26 3 2 1168 128
39 9 4 944 105
38 35 2 838 93
9 17 1 1052 114
35 22 1 934 102
11 17 4 1113 122
35 17 4 618 77
2 27 3 1116 123
12 27 3 1062 111