0 20 3 04 5
20 10 4 53 13
10 7 1 136 27
7 20 1 278 38
20 39 2 381 40
39 31 1 402 48
39 21 1 402 49
31 15 2 485 58
21 34 4 491 54
15 19 4 583 62
34 27 4 546 62
21 26 2 497 58
27 29 3 625 71
26 0 2 581 60
19 26 2 621 65
15 27 1 586 68
26 39 1 657 76
0 22 3 607 73
39 27 1 765 82
29 32 4 712 79
27 31 3 827 93
32 20 2 793 83
29 8 1 711 80
31 20 4 935 104
8 39 2 805 91
31 34 2 938 102
20 26 3 1048 116
22 18 1 732 79
26 14 2 1165 122
27 3 3 685 80
14 37 3 1223 133
14 1 4 1221 130
3 6 3 807 91
37 12 2 1334 140
6 31 4 918 106
12 17 3 1406 154
31 0 2 1067 115
17 1 3 1546 168
27 3 3 688 84
1 11 1 1685 178
3 2 4 845 92
11 8 4 1782 183
3 8 1 847 98
1 7 2 1683 173
8 19 4 982 101
0 28 1 1152 118
0 14 4 1156 128
28 35 2 1183 127
14 7 3 1286 135
31 2 1 1063 114
7 25 2 1351 142
12 37 1 1407 148
1 34 2 1308 140
37 21 2 1485 160
34 33 3 1403 151
3 32 1 807 94
33 3 3 1513 158
32 1 3 948 107
18 6 3 796 91
18 29 4 798 90
6 1 2 912 98
34 24 3 1022 111
39 5 1 913 101
24 23 2 1118 126
20 21 2 838 96
23 14 2 1268 142
23 36 1 1263 133
5 10 4 1017 111
24 31 1 1114 118
1 0 3 988 107
31 32 2 1186 130
29 24 1 905 100
29 3 2 908 102
24 32 1 1004 109
3 3 4 1021 107
32 25 3 1094 118
6 17 3 918 105
1 19 3 1072 116
1 7 3 1078 119
3 8 1 1583 169
32 6 1 947 104
8 25 2 1693 179
6 2 4 1047 119
21 21 2 1605 172
34 17 4 1404 145
21 6 4 1723 183
37 33 1 1483 157
25 15 2 1423 152
2 37 4 1142 122
15 6 2 1526 165
7 1 1 1354 146
35 35 4 1275 136
1 28 3 1464 151
14 29 4 1282 137
19 36 1 1017 111
29 6 4 1376 144
36 4 2 1112 118
19 35 2 1013 110
7 30 3 1732 182
7 35 2 1733 183
30 7 3 1823 191
35 20 2 1834 190
7 3 4 1913 198
8 33 2 984 107
8 35 4 1831 187
8 14 3 1833 190
2 14 3 923 98
2 33 4 926 103
14 29 2 983 105
11 33 1 1784 189
29 37 3 1058 115
33 37 2 1892 199
37 19 4 1156 123
33 9 2 1032 110
14 18 1 1906 197
35 15 4 1871 193
33 13 4 1074 119
15 1 1 1932 198
3 0 3 1985 206
1 26 2 1982 202
0 39 2 2064 218
26 24 4 2025 212
39 10 2 2184 228
20 38 3 1908 206
10 38 2 2288 241
20 29 2 1902 199
7 5 3 1916 203
38 35 4 2414 252
5 28 2 2032 209
35 29 1 1103 120
35 37 3 1103 116
4 7 1 1181 123
37 36 1 1161 124
6 30 2 1446 153
6 22 2 1444 153
36 16 1 1241 129
36 17 1 1116 125
16 9 4 1293 139
17 6 2 1258 141
9 26 1 1398 154
6 7 2 1411 147
6 22 4 1413 152
28 29 2 1518 164
28 6 4 1518 166
35 37 3 1364 145
6 24 3 1661 170
24 36 3 1704 182
35 12 1 1365 143
36 17 1 1828 196
12 19 2 1431 147
6 34 1 1655 173
19 14 2 1473 153
34 25 2 1734 180
6 6 2 1655 176
25 13 3 1805 188
6 7 4 1766 188
13 11 2 1888 198
37 22 4 1221 127
33 24 3 1577 166
22 6 3 1275 134
33 22 4 1578 172
6 7 2 1832 188
17 6 2 1453 154
7 4 4 1883 194
6 9 4 1545 165
4 18 1 1947 203
9 10 4 1653 170
17 17 2 1456 152
10 31 4 1705 178
17 18 3 1523 157
21 11 3 1725 183
18 8 4 1573 161
11 8 3 1836 193
8 6 2 1617 173
8 13 3 1936 207
2 12 4 1196 131
13 25 1 2071 212
12 39 4 1314 139
2 7 1 1193 128
39 9 3 1391 142
7 39 3 1287 138
25 2 4 1796 190
25 39 4 1794 190
2 36 1 1905 201
6 15 2 1042 113
36 16 4 2012 211
15 8 4 1136 122
7 29 1 1196 127
8 3 3 1225 129
29 19 2 1272 130
19 6 1 1163 120
19 14 3 1161 119
17 2 2 1054 115
14 2 2 1195 132
17 10 1 1054 114
25 36 3 1188 128
2 12 1 1324 137
3 21 3 1073 113
12 22 4 1375 145
22 31 4 1451 151
22 11 1 1451 147
31 0 4 1515 161
3 24 4 1073 115
0 2 1 1612 164
32 17 3 1093 120
24 5 2 1006 108
17 23 4 1208 133
32 3 4 1307 141
23 17 2 1332 138
3 33 2 1418 152
17 39 2 1383 149
33 35 4 1523 163
32 25 2 1307 145
35 2 1 1635 175
0 39 2 1071 116
0 21 3 1074 112
10 27 1 1113 118
36 5 4 1332 136
36 37 2 1332 141
5 7 1 1366 145
14 5 1 1427 155
21 1 1 964 107
5 12 1 1558 170
1 22 3 1074 114
21 21 1 963 100
22 23 4 1144 123
12 35 3 1705 176
21 26 1 1007 114
35 17 1 1764 187
1 16 4 1075 117
7 9 1 1451 152
7 28 3 1456 157
37 21 4 1417 155
9 20 2 1523 156
37 7 2 1415 147
27 30 4 1186 132
21 8 3 1121 114
30 17 2 1326 140
8 14 4 1141 120
39 30 2 1161 124
2 1 2 1758 190
14 26 1 1203 128
25 14 2 1452 155
25 30 4 1456 153
39 23 2 1498 161
14 15 3 1551 162
39 30 1 1495 161
15 2 3 1625 171
30 26 2 1616 172
2 32 1 1718 185
32 8 4 1856 199
33 36 2 1521 159
8 27 1 1993 205
36 23 1 1595 167
17 18 2 1384 149
23 6 1 1673 174
3 6 2 1411 149
6 33 2 1744 184
6 6 4 1497 161
33 21 4 1848 195
6 31 2 1612 168
5 20 2 1081 114
31 7 1 1688 182
20 3 4 1144 121
17 23 2 1201 124
7 18 4 1828 191
3 9 2 1217 131
2 6 2 1642 168
24 17 1 1153 120
6 25 2 1683 174
17 5 2 1205 126
0 15 1 1617 173
5 8 4 1266 139
11 29 4 1473 152
8 8 2 1398 149
29 13 3 1523 162
29 13 1 1527 166
13 3 4 1623 171
13 20 1 1668 182
3 25 4 1712 177
20 27 1 1827 190
25 5 1 1773 183
11 24 1 1476 156
21 37 1 1133 120
5 30 1 1837 191
36 5 4 1288 142
10 25 4 1142 119
5 25 2 1426 154
2 26 2 1322 135
25 1 3 1547 162
2 13 4 1152 124
14 29 4 1191 122
1 7 1 1628 171
13 8 1 1247 137
7 36 1 1712 175
7 21 4 1713 176
6 31 3 1207 135
21 34 3 1761 179
6 35 1 1208 135
34 38 1 1795 191
35 7 1 1355 142
7 37 3 1428 154
19 22 2 1307 141
3 36 1 1294 136
3 7 4 1297 137
8 25 3 1225 132
7 9 1 1372 144
25 4 3 1323 138
25 17 4 1326 139
4 24 3 1385 147
16 30 3 2117 226
15 38 4 1133 119
39 33 3 1901 193
38 2 3 1192 126
33 12 2 1936 204
2 22 1 1268 139
12 33 3 2042 213
22 28 3 1395 146
33 24 3 2132 221
28 23 2 1462 156
2 32 3 1905 201
39 31 1 1383 149
9 8 3 1427 153
9 9 2 1421 149
8 5 2 1537 168
7 20 2 1282 135
9 11 3 1495 157
5 35 4 1687 179
11 1 3 1571 165
25 29 3 2127 225
12 15 2 1311 137
13 8 2 2072 216
6 9 2 1738 183
8 1 4 2167 227
9 14 4 1836 196
1 17 2 2273 236
14 3 1 1962 206
17 2 3 2362 246
3 4 4 2063 210
6 35 3 1731 175
2 15 4 2468 260
35 15 3 1752 178
8 20 1 1614 167
15 19 4 1782 181
20 3 3 1672 174
11 3 4 1837 197
19 8 4 1812 188
3 29 1 1745 181
18 6 2 1571 160
3 6 3 1976 207
31 8 4 1787 193
6 3 3 2076 216
31 22 4 1782 182
17 36 1 1521 154
3 32 4 2162 225
22 5 3 1822 192
32 23 3 2256 236
5 22 3 1927 205
23 1 1 2367 250
18 10 4 2033 212
22 27 4 2053 213
9 39 2 1656 179
6 28 3 1546 162
27 24 1 2136 220
39 31 2 1791 188
7 19 4 1881 193
22 32 4 1722 177
19 8 4 1932 200
22 14 2 1728 182
6 13 4 1343 140
24 24 3 1666 176
24 26 2 1663 170
22 10 2 1276 134
26 10 2 1703 176
11 34 3 1983 206
10 0 4 1345 147
7 30 2 1886 201
7 35 1 1881 196
6 25 4 1761 183
14 20 4 1537 162
14 12 2 1537 163
20 14 2 1623 167
34 9 2 1731 179
17 20 3 1962 203
12 0 4 1436 156
24 7 3 1702 176
37 0 3 1458 159
6 11 3 1661 175
7 4 4 1762 185
29 10 1 1642 171
4 9 1 1854 196
10 32 1 1712 174
10 11 3 1712 177
22 39 4 1524 164
22 12 3 1528 166
32 7 1 1741 181
12 38 2 1665 179
7 19 1 1471 152
38 7 2 1798 192
26 33 2 1548 168
7 31 4 1928 201
33 38 1 1685 174
31 38 2 2018 215
9 3 4 1397 154
38 38 1 1742 183
3 23 1 1544 164
16 1 3 1298 142
38 2 3 1836 191
1 38 3 1426 149
1 13 4 1423 153
22 9 4 1535 162
38 27 2 1498 158
30 13 3 1531 159
36 2 3 1245 137
13 38 3 1598 173
2 37 3 1378 148
38 10 1 1733 177
7 39 4 1233 131
29 29 1 1203 125
39 18 4 1317 146
28 30 1 2097 221
35 39 4 2524 257
30 25 2 2214 230
39 2 1 2573 265
5 13 3 2033 210
25 9 2 2301 235
29 2 1 1995 212
9 28 4 2351 238
38 30 4 2068 218
2 39 1 2124 218
30 26 1 2186 228
10 29 4 2288 242
26 33 3 2285 235
26 19 4 2288 239
29 14 2 2427 251
33 25 1 2353 239
19 12 3 2396 249
24 10 1 2125 224
25 20 4 2393 247
10 38 2 2244 235
20 29 3 2474 256
20 6 2 2473 256
26 2 2 2023 208
0 14 1 2062 212
2 33 1 2082 218
2 6 2 2085 221
1 27 2 1984 204
13 39 1 1196 127
6 22 4 2214 232
39 38 3 1272 136
22 37 2 2326 246
13 22 2 1196 131
38 20 3 1367 147
15 24 4 1938 205
20 13 3 1471 154
24 31 3 2054 211
18 35 3 1977 206
9 28 4 1102 114
35 1 1 2063 217
19 22 2 1234 134
37 16 2 1993 207
37 22 4 1998 210
37 26 1 1157 126
22 24 1 2107 220
26 23 3 1264 138
24 32 3 2207 229
24 16 2 2206 229
32 22 1 2294 241
16 2 4 2296 239
22 29 3 2411 246
2 13 2 2391 247
2 34 4 2394 244
33 9 3 1894 197
34 17 4 2445 254
34 36 3 2444 254
9 26 1 1973 207
17 26 1 2544 263
26 2 2 2635 273
13 39 1 2477 258
2 23 1 2734 281
29 17 4 2467 260
39 32 3 2584 263
23 12 2 2812 285
29 29 1 2467 258
12 18 4 2857 298
29 6 1 2585 271
18 7 3 2984 310
22 8 4 2417 251
7 14 1 3102 315
16 10 3 2291 232
32 3 4 2293 239
14 31 3 3151 321
23 20 3 1381 142
26 14 3 1262 134
20 12 4 1423 151
16 25 2 2073 218
14 25 2 1343 138
12 20 4 1512 157
25 8 1 2184 227
22 14 3 1348 146
20 21 4 1574 167
1 19 4 2171 222
28 37 1 1141 117
28 38 2 1141 123
35 34 3 2062 214
31 26 3 2117 222
34 26 4 2148 230
26 11 3 2226 231
13 11 4 1544 166
24 38 1 2052 214
22 2 1 1312 139
22 37 3 1317 142
37 34 1 2468 259
38 23 2 1361 141
37 6 4 1424 153
39 23 3 1276 136
27 23 3 2046 217
6 33 1 1537 161
11 15 4 1664 173
33 33 4 2181 220
14 38 4 2122 222
33 11 1 2206 227
14 4 4 2122 215
38 8 4 2227 232
11 20 1 2274 238
6 15 3 2566 268
29 14 4 2568 270
38 26 1 2352 244
8 31 4 2328 246
20 16 3 2384 246
15 0 3 2687 280
38 35 4 2352 244
14 19 4 2706 283
26 36 1 2447 253
10 29 3 2243 232
12 38 2 2491 254
14 10 2 2514 260
36 28 2 2535 261
38 35 1 2547 267
33 17 4 2355 243
39 22 3 2186 231
39 29 4 2181 226
28 12 3 2387 246
29 17 1 2268 242
2 11 2 2125 224
22 6 1 2317 246
13 21 3 2101 217
2 36 3 2654 270
16 11 1 2464 257
25 16 1 2304 238
36 17 4 2708 280
17 6 1 2424 250
39 29 3 2575 268
30 15 3 2217 230
17 37 4 2803 287
15 18 3 2307 238
15 0 1 2304 237
18 39 3 1463 154
29 39 2 1251 130
39 3 2 1312 135
39 31 4 1301 136
10 35 1 1775 183
31 32 3 1362 139
37 14 3 1482 154
35 11 4 1836 190
32 6 3 1394 144
37 16 2 1488 163
38 2 1 1738 185
2 27 1 1373 143
16 35 1 1632 168
13 21 1 1596 173
27 18 2 1581 161
9 10 1 1626 171
9 2 1 1628 173
13 16 1 1535 161
10 0 4 1718 184
2 37 2 1914 199
2 39 2 1915 203
0 33 1 1845 190
23 1 3 1647 179
38 31 3 1831 190
3 31 1 1543 162
39 8 3 2037 213
38 20 3 2155 221
38 6 3 1742 180
31 11 1 2015 211
33 18 3 1684 174
7 11 2 1921 197
19 19 3 1522 156
38 35 2 1792 189
7 25 3 1814 191
7 1 1 1811 189
39 12 3 1642 174
39 22 1 1643 173
25 0 4 1912 194
11 21 2 1773 187
9 35 2 1962 203
9 18 3 1962 205
4 2 3 1852 193
11 34 2 1756 189
0 26 2 1591 166
34 31 3 1898 199
0 1 1 1563 167
20 12 4 2037 218
14 37 4 1673 173
9 25 2 1797 191
9 24 4 1793 184
37 33 4 1732 181
24 28 1 1841 191
14 17 1 1671 176
12 26 3 1637 174
12 35 3 1635 173
25 2 4 1833 192
25 30 2 1832 190
35 8 2 1968 205
0 13 3 1475 159
30 1 4 2014 209
0 11 2 1478 159
10 11 2 1762 180
10 35 1 1761 182
34 13 3 2067 214
10 21 4 1348 150
24 5 2 1762 184
14 26 3 1825 188
13 11 2 1407 152
8 2 2 2003 205
32 32 2 1771 185
31 35 2 1888 204
24 11 2 2203 226
28 23 4 1623 172
39 23 4 1795 192
27 39 2 2131 216
10 30 2 2125 221
1 33 2 2501 253
5 28 4 1921 200
36 32 2 1541 160
8 17 3 1934 199
32 20 4 1606 170
6 38 4 2075 218
6 24 4 1607 173
29 33 3 1816 194
8 11 2 1882 194
3 22 1 1976 209
19 25 3 1818 192
15 18 4 1781 186
15 18 1 2602 270
15 26 2 2606 270
4 7 4 2108 224
2 3 2 2461 249
3 16 3 2065 217
17 8 4 2366 248
14 14 3 1965 204
9 0 3 1837 193
8 23 2 2165 224
15 31 3 1377 150
29 6 3 2255 235
1 23 2 1655 178
35 20 3 1797 192
35 20 1 1796 193
20 20 1 1358 151
20 24 2 1933 202
9 17 2 1492 154
8 11 1 1537 163
31 33 4 1496 158
32 18 1 2013 207
23 36 3 1564 161
23 25 1 1568 169
24 32 2 2217 235
24 35 3 2211 230
33 6 4 2135 225
22 20 2 1397 154
12 29 3 2045 217
33 21 4 1932 198
38 28 4 1195 131
6 36 1 2258 239
29 5 1 2177 232
30 1 4 2264 233
24 19 4 1473 151
24 30 1 1474 155
17 22 4 1396 147
19 37 2 1517 164
17 4 4 1395 148
9 5 1 1445 155
9 38 4 1442 147
36 19 2 1364 142
36 24 2 1368 148
22 14 1 1416 150
22 23 4 1414 150
38 18 3 1475 157
37 21 1 1544 162
7 27 1 1424 153
38 19 3 1912 200
35 35 3 1353 145
31 34 4 1352 143
21 6 1 1762 182
36 10 4 1755 185
8 39 4 1378 147
29 2 2 1225 133
13 28 3 1248 134
1 29 4 1626 175
26 7 2 1356 145
26 30 3 1356 149
25 22 2 1545 165
25 28 2 1196 127
29 9 4 1755 186
30 22 1 1914 200
37 4 4 1204 130
24 29 2 1566 167
24 21 4 1562 160
27 2 1 1904 197
27 35 3 1902 197
25 12 4 1776 191
3 32 2 1716 185
13 2 2 1663 171
13 36 1 1624 167
8 8 4 1493 160
29 8 3 1671 171
15 20 1 1733 178
15 19 3 1732 179
5 2 4 1264 137
25 27 4 1748 185
25 32 3 1744 182
17 24 3 1206 132
9 35 2 1313 140
8 21 3 1607 172
18 6 3 1911 195
23 34 2 1248 136
7 19 2 1824 194
20 2 3 1145 122
21 10 3 1955 203
6 37 1 1612 164
33 22 2 1842 190
6 10 4 1498 159
6 37 1 1746 181
18 16 4 1498 160
27 22 2 2052 214
8 6 2 1998 214
37 9 2 1818 194
32 29 3 1858 199
26 3 2 1723 176
2 5 4 1717 186
30 21 3 1612 169
23 38 4 1618 175
30 25 1 1535 159
21 4 1 1698 180
26 25 3 1287 140
1 32 1 1906 204
30 16 2 1247 132
17 11 1 1404 150
17 37 2 1408 152
30 8 2 1325 144
7 23 1 1474 152
20 37 1 1563 165
20 10 3 1568 170
21 24 2 1557 164
28 10 2 1577 166
9 29 4 1521 155
16 1 4 1177 125
16 27 1 1172 123
17 6 3 1875 199
26 0 1 1147 129
26 18 1 1147 128
23 21 1 1237 137
23 28 4 1235 129
18 13 2 1284 135
0 36 3 1291 133
0 34 4 1292 132
6 3 2 1996 209
6 33 3 1995 207
27 1 3 1233 133
1 11 3 1253 130
29 2 4 1553 162
29 35 1 1551 159
10 7 4 1664 178
24 14 2 1645 170
10 10 3 1706 179
37 7 3 1657 179
23 15 4 1523 156
8 20 2 1444 156
37 26 3 1524 159
8 25 4 1441 151
37 39 1 1523 158
16 27 4 1323 139
11 25 1 1503 161
11 13 2 1508 164
32 38 3 2041 208
25 20 2 1402 146
4 36 3 1806 193
32 17 1 2047 213
25 17 4 1403 144
4 2 3 1803 188
25 13 1 1593 169
17 11 3 1448 153
25 3 4 1595 167
13 15 2 1696 179
2 3 4 1887 201
38 16 3 1755 188
3 2 2 1765 186
3 29 2 1676 180
29 21 3 1998 208
5 11 3 1865 199
16 26 3 1881 195
21 3 2 1693 176
29 15 2 1998 210
9 8 4 1946 206
16 5 4 1606 170
3 33 2 1765 186
6 32 4 2148 224
22 1 3 2147 226
22 12 4 2147 223
16 1 3 1608 176
22 16 1 1907 198
37 33 1 1818 190
10 32 1 1591 168
22 11 4 1908 199
37 19 4 1643 175
10 13 3 2035 214
2 6 1 1225 131
37 32 2 1641 167
10 9 4 2033 208
34 4 3 1368 151
34 28 2 1367 144
6 6 4 1951 204
2 31 4 1374 146
6 32 1 1952 200
19 24 4 1941 198
24 2 4 1322 142
21 25 4 1724 184
35 32 1 1402 147
24 30 3 1325 142
32 29 2 1477 156
8 30 3 1714 183
32 29 1 1825 193
2 16 3 1374 143
35 21 2 1977 205
19 28 2 1795 192
16 24 4 1436 157
20 10 1 1783 183
8 21 1 1715 181
20 18 4 1783 189
8 29 2 1603 167
27 13 3 1853 195
36 25 2 1674 173
29 39 4 1673 171
32 10 4 1856 197
32 31 4 1851 193
2 9 1 1978 207
2 5 4 1718 182
36 39 1 1677 182
12 7 1 1916 199
12 22 2 1914 197
4 4 2 1301 139
21 21 4 1601 167
29 1 4 1675 179
9 28 1 1864 195
4 22 1 1306 137
22 0 3 2006 213
9 20 2 1864 192
28 30 1 1271 136
30 1 1 1496 159
20 29 1 1925 199
30 29 2 1361 145
22 26 2 1652 173
28 20 3 1345 145
22 16 3 1656 176
7 7 3 1453 149
2 23 2 1336 145
10 37 2 1857 193
39 2 4 1475 155
39 21 1 1475 159
6 3 1 1821 187
6 19 3 1825 194
34 37 3 1438 153
19 27 2 1941 199
35 27 3 1457 157
34 35 1 1435 156
19 1 1 2002 209
27 30 2 1537 161
19 13 1 2007 211
21 29 4 1628 172
21 1 2 1627 175
18 32 2 1578 168
18 22 3 1573 167
23 2 3 1502 158
14 29 1 1502 160
24 38 4 1484 155
14 11 2 1507 158
2 28 3 1582 168
24 20 2 1481 153
5 3 4 1552 164
20 22 1 1531 155
19 24 2 1421 145
19 38 3 1427 156
37 26 2 1647 176
5 33 3 1556 165
4 11 2 1481 150
4 17 2 1484 153
30 33 4 1552 165
22 25 4 1476 159
22 3 1 1473 156
33 5 3 1654 174
19 6 3 1517 166
1 1 1 2334 241
1 28 3 2334 243
5 15 2 2328 243
5 16 4 2327 244
36 5 1 2394 250
28 36 1 2434 255
36 31 3 2396 248
28 36 2 1317 141
29 19 4 2172 222
36 7 3 2556 263
21 20 3 1984 207
28 14 4 1315 140
20 22 4 1545 167
20 22 2 1544 162
6 0 4 2255 232
35 16 1 2305 240
32 38 2 2354 243
25 35 1 1698 178
25 27 2 1697 183
36 2 2 1614 169
18 18 3 2072 210
2 5 4 1693 176
18 30 4 2073 212
33 38 3 1585 166
33 12 3 1581 166
11 0 2 1634 174
11 2 4 1634 171
17 39 3 1541 163
0 8 1 1743 182
24 26 2 2022 207
24 11 3 2028 213
8 22 4 1825 195
20 18 4 1516 158
20 20 3 1938 205
20 38 1 1922 195
20 13 1 2051 213
38 34 4 1952 198
20 34 4 1923 200
13 37 1 2135 226
23 12 4 1785 185
23 1 3 1788 192
6 10 1 2351 240
31 33 3 1502 158
31 15 4 1503 159
23 27 4 2246 233
23 23 3 2246 236
0 21 2 1933 202
0 17 4 1932 196
14 27 3 2044 209
14 17 4 2046 214
17 13 3 1964 204
8 16 2 2484 258
16 36 1 2174 222
13 31 4 2042 210
16 4 4 2176 228
3 18 1 2497 259
3 30 3 2497 260
7 1 4 2248 236
7 38 4 2245 234
26 27 3 2701 274
18 9 4 2701 278
18 15 4 1862 192
25 32 4 1923 199
22 4 2 2091 218
11 30 4 1943 202
33 29 2 1943 204
4 35 3 2186 226
24 8 3 1735 184
38 1 2 2188 228
20 10 4 1701 175
17 11 3 1995 211
17 38 2 1998 214
32 35 2 1607 171
28 38 3 2008 215
28 34 4 2007 213
33 7 1 2531 261
33 21 4 2531 260
30 21 2 2211 229
39 7 1 2163 220
39 6 4 2162 220
23 36 2 1926 200
23 1 4 1925 201
6 14 4 2201 229
23 10 1 1722 178
23 24 2 1727 184
11 20 2 2268 240
11 33 2 2262 236
35 18 3 2047 213
32 8 1 1851 191
2 36 3 2055 211
2 29 4 2053 211
11 12 2 1527 161
11 39 2 1528 168
26 4 4 1888 203
5 25 2 1844 194
21 18 1 1502 160
5 11 2 1848 198
13 28 2 2141 216
35 34 3 1827 190
35 33 2 1823 189
13 31 3 2148 225
11 38 4 1806 188
11 14 2 1593 169
11 37 4 1802 190
1 6 4 2094 216
11 22 4 1595 171
13 37 2 1596 168
2 33 3 1924 197
30 8 1 1905 198
13 6 3 1598 175
8 30 4 2055 215
2 13 2 1925 204
35 3 4 1733 177
26 1 4 1742 177
17 30 1 1762 180
17 2 1 1761 179
28 37 3 1917 205
28 21 2 1917 206
33 22 3 1813 192
2 13 4 1795 190
33 34 2 1811 189
25 18 2 1915 199
12 1 2 2181 220
12 39 3 2186 226
1 0 2 1676 181
1 31 3 1678 183
31 31 2 1998 209
31 20 3 1998 210
26 2 3 1662 174
26 17 2 1663 172
2 23 2 1935 202
17 11 1 1726 186
18 0 2 2051 207
18 21 3 2051 207
35 22 4 2034 211
35 2 4 2034 215
21 34 1 1874 192
21 39 1 1875 198
2 6 2 2154 220
22 0 3 1733 180
0 38 2 1941 198
34 1 3 1923 199
12 3 4 1744 182
12 17 3 1746 181
1 36 4 1897 197
1 30 1 1891 195
35 23 2 1893 193
36 19 4 1974 207
35 23 1 1896 201
19 18 3 1562 161
19 0 3 1562 166
11 1 1 1973 201
18 20 4 1743 182
6 35 4 1803 184
18 37 4 1742 182
11 12 3 2111 216
20 22 2 2216 233
20 19 1 2214 232
8 16 3 2135 220
1 11 3 1794 188
33 24 1 1902 200
8 16 2 2131 220
31 15 3 1624 173
31 7 3 1901 192
1 27 2 1795 189
33 8 1 1905 202
37 13 3 1994 204
37 2 3 1991 205
16 31 3 1617 171
8 25 1 2026 209
0 34 4 1841 189
31 4 2 1712 181
2 7 4 1737 183
18 24 2 1611 170
18 11 3 1613 165
35 30 3 1685 175
21 38 1 1737 186
27 12 1 1432 150
21 14 1 1738 185
27 9 1 1436 156
2 19 2 1857 199
16 9 1 1633 173
6 5 1 1442 153
6 4 2 1445 152
11 14 2 1906 201
14 38 4 1541 162
35 34 4 1836 192
39 22 2 1301 136
3 35 2 1355 142
39 18 4 1548 168
18 3 1 2383 249
18 33 2 2388 247
37 17 4 2878 297
0 37 2 2376 250
17 34 1 2974 302
29 19 4 2686 278
29 22 4 2687 280
19 15 2 2787 290
19 18 2 2781 280
36 39 4 2702 276
6 10 3 2503 261
16 17 1 2384 250
39 38 3 2761 285
11 13 2 2247 236
21 7 2 2172 222
6 32 3 2507 261
11 13 1 2573 261
29 36 2 2266 233
6 35 2 2465 256
11 10 4 2245 233
17 3 3 2426 250
12 19 3 2462 255
12 38 2 2466 257
10 0 2 2601 267
17 33 1 2436 255
17 25 2 2433 247
35 6 3 2677 279
28 22 1 2616 273
35 1 3 2443 252
29 24 1 2324 241
31 32 2 2466 254
35 23 2 2444 249
28 33 1 2611 269
38 28 2 2545 267
36 32 2 2537 262
16 9 3 2468 262
19 37 3 2832 289
0 25 3 2801 289
0 25 3 2808 289
37 0 2 2891 296
31 19 1 2464 258
8 14 2 2322 236
4 36 3 2157 229
4 31 2 2151 220
33 37 1 2207 235
15 35 2 1734 184
15 15 4 1732 183
23 31 2 2171 220
33 11 3 1618 171
34 36 2 2593 270
23 1 1 1366 149
33 6 2 1615 169
23 21 1 1411 144
37 17 1 1425 153
6 19 1 1534 160
2 0 3 1392 145
34 18 1 2592 266
38 9 2 2147 229
11 18 4 1665 176
11 33 2 2318 242
11 21 1 2314 237
26 39 4 2302 234
34 35 2 2148 227
38 26 3 1236 133
38 14 3 1231 131
37 6 4 1174 127
21 21 4 1674 174
19 4 1 2223 233
19 35 3 2227 234
8 38 2 2272 236
14 25 2 1464 157
8 17 3 2278 239
25 10 4 1382 141
25 11 1 1383 143
14 16 4 1344 146
20 12 2 1422 152
11 13 2 1433 153
31 0 1 3214 330
10 33 2 2325 242
3 17 1 2394 251
10 9 1 2324 239
14 6 2 3151 318
8 26 2 2514 256
8 12 3 2516 264
6 28 2 2715 282
18 19 1 2981 304
29 5 2 2586 265
12 24 2 2854 291
17 13 4 2605 267
32 9 3 2631 266
23 23 3 2818 291
39 3 3 2584 263
2 16 2 2734 283
26 0 3 2636 272
26 4 1 2076 221
36 11 3 2542 260
0 23 4 2728 286
0 25 1 2721 278
23 14 3 2918 303
16 25 3 2837 293
3 32 1 2637 274
9 22 3 2663 271
13 9 4 2677 279
13 11 3 2673 273
24 37 2 2917 301
5 23 4 2651 274
19 36 1 3043 308
5 21 4 2658 281
19 35 4 3041 312
28 9 4 2822 287
28 12 3 2826 289
12 38 1 2644 275
26 1 1 2561 259
12 2 3 2642 274
6 27 1 3183 326
9 37 1 2395 247
17 7 2 2517 259
1 2 2 2592 265
17 18 2 2513 255
0 3 1 3308 346
37 31 2 2475 259
33 10 1 2424 250
0 34 4 3304 337
3 13 4 3468 357
31 4 1 2594 270
13 18 2 1531 159
13 8 1 1535 163
4 17 1 2704 279
12 8 2 1526 162
16 38 4 1467 154
11 1 2 1436 151
10 25 1 1415 147
38 11 2 1547 165
17 37 4 2394 245
25 0 2 1577 169
25 17 4 1571 163
38 7 3 2368 252
35 13 1 2348 250
4 11 1 2338 248
7 39 1 2525 262
4 18 3 2331 235
21 6 2 1743 179
21 5 4 1741 180
6 29 1 1275 134
6 31 4 1277 142
14 31 2 1314 136
31 34 4 1424 147
14 26 2 1314 137
26 3 2 1331 137
26 1 1 1331 136
35 30 3 2277 242
39 24 4 2346 248
21 28 2 2371 242
33 2 3 2423 251
18 18 3 1766 186
18 3 4 1763 180
9 19 4 2291 236
18 26 2 2666 273
0 29 3 1458 161
18 2 2 2668 275
19 28 3 1607 173
17 18 1 1532 158
21 4 1 1446 153
6 29 2 1695 176
1 23 3 1493 153
36 9 3 2705 283
36 35 3 2704 279
11 6 3 1715 179
11 21 3 1712 175
6 21 4 1793 186
31 21 3 2202 227
31 16 2 2204 228
15 21 2 1834 193
15 21 1 1833 192
16 27 3 2284 237
35 17 4 1846 191
37 8 2 2351 238
27 38 1 2378 248
31 20 1 2204 230
36 37 3 2298 243
31 37 4 2205 226
36 15 4 2293 233
14 36 2 2368 245
19 18 4 2587 266
25 24 1 2895 301
0 7 4 2963 305
0 13 2 2963 300
25 9 1 2895 300
37 33 1 2898 305
9 29 3 2628 272
32 10 4 2625 270
28 38 4 2676 274
33 35 2 2697 280
23 15 1 2496 257
23 9 4 2494 260
32 18 3 2546 264
9 28 4 2602 265
18 15 4 2645 274
24 13 4 2415 251
24 1 4 2413 247
1 21 2 2525 265
22 11 3 2734 283
22 31 1 2733 283
6 24 4 2793 288
25 16 4 2471 253
25 11 2 2475 255
33 35 4 2554 261
0 15 2 2672 270
0 2 2 2671 276
38 34 2 2576 267
38 27 3 2577 266
19 32 4 2554 260
3 35 2 2502 253
27 3 1 2661 274
10 32 4 2331 238
3 3 3 2743 284
35 4 4 2564 264
35 33 1 2561 265
36 12 3 2331 236
13 24 4 2617 276
32 29 3 2617 269
32 8 4 2611 264
12 9 3 2367 246
7 18 3 2222 230
13 26 2 2365 245
38 13 3 2853 293
38 0 3 2856 299
17 32 4 2502 253
39 21 1 2766 283
10 17 3 2615 272
18 12 4 2801 289
15 39 4 2908 301
22 28 4 2803 288
22 24 4 2805 292
34 26 1 3022 306
37 17 2 2507 264
37 22 3 2501 254
33 8 2 2475 256
17 18 4 2977 312
33 38 1 2475 253
18 26 2 1684 178
35 26 4 1426 150
3 7 4 2491 255
35 2 1 1421 150
22 26 2 1362 142
38 22 2 1622 171
34 25 3 1928 208
14 35 3 2013 207
14 1 4 2014 212
5 18 2 1535 160
19 33 4 1993 207
5 12 1 1537 167
4 31 1 1521 158
9 20 3 1738 187
9 17 2 1733 179
9 4 2 1565 165
38 6 3 1868 201
17 5 2 1798 195
14 32 1 1852 194
30 23 2 1756 187
12 24 4 1501 155
30 8 4 1751 179
11 0 3 1652 169
7 23 1 1838 198
24 25 2 1708 183
25 39 4 2092 215
34 9 1 1892 197
39 7 3 2157 223
4 39 2 1815 190
2 28 1 2052 212
13 23 2 2041 206
8 34 1 2021 204
7 33 1 1927 201
27 11 4 1891 192
7 13 4 1926 205
15 17 1 1738 188
16 16 3 2204 226
24 21 3 2004 207
11 37 3 1883 196
16 34 4 2203 224
12 20 3 2168 230
19 16 1 2328 243
22 30 4 2336 246
22 0 1 2331 237
12 0 1 2162 222
37 16 3 1822 190
35 10 3 1844 196
20 16 4 1826 193
1 14 4 2014 208
0 30 4 1667 175
18 23 2 1617 175
0 30 2 1664 178
18 14 1 1615 174
30 28 2 1787 192
23 30 3 2014 213
19 10 2 2076 221
19 17 4 2076 215
23 21 3 1937 203
10 11 4 2217 232
23 0 4 1933 202
30 33 4 1953 206
17 30 1 1816 191
17 7 2 1814 186
3 23 3 1828 191
1 19 4 1998 212
1 22 1 1998 211
38 3 2 1984 204
38 21 2 1988 214
0 25 4 1804 187
39 28 4 1987 211
6 27 3 2207 228
6 14 1 2208 230
2 1 4 2157 229
22 26 1 2111 215
22 5 4 2111 218
21 11 2 2071 214
21 34 1 2071 210
0 16 2 2076 219
0 29 3 2075 218
11 20 2 1863 190
23 29 3 2022 207
23 21 3 2027 212
17 38 4 1726 186
21 39 3 2122 215
20 35 3 2105 222
2 11 2 1742 177
20 9 1 2101 213
31 6 4 2093 215
31 34 1 2092 212
31 36 2 1836 193
31 36 2 1837 191
0 12 3 1815 192
0 14 1 1818 192
39 12 1 2263 231
39 20 3 2263 237
1 27 3 2201 222
20 21 4 2371 244
18 1 2 1992 205
34 22 1 1895 199
13 2 4 1907 199
13 27 2 1906 201
21 6 3 2062 215
2 7 3 1991 208
22 33 3 1925 204
22 33 3 1922 197
6 20 4 2154 222
21 30 4 2065 214
20 11 4 2223 232
37 29 4 2051 213
2 6 2 1795 192
30 19 3 1808 193
30 25 4 1802 190
1 33 2 1777 189
1 28 2 1771 185
3 14 2 1772 186
13 12 2 2046 215
3 0 4 1775 190
25 3 1 1908 200
13 1 3 2042 209
28 8 2 1855 195
30 26 2 2155 221
6 30 4 1753 182
8 21 4 1983 208
8 8 1 1987 212
33 30 4 1978 208
37 34 2 1685 179
37 27 2 1685 176
22 6 2 1713 175
6 3 4 2167 227
21 33 4 2084 218
6 17 2 2164 221
37 36 4 1903 194
37 19 2 1907 199
14 2 3 1692 173
14 39 2 1694 175
31 10 1 2255 238
36 3 3 1942 203
38 2 4 1884 200
33 18 4 1893 196
39 32 4 1757 188
33 28 3 1895 198
34 20 4 1904 196
34 32 4 1901 198
28 25 4 2168 231
32 39 3 1884 199
11 26 4 1983 203
18 9 1 1603 171
18 30 3 1605 167
25 2 1 2317 245
25 15 2 1945 202
25 25 3 1945 206
4 23 1 2034 215
39 31 3 1686 179
2 10 1 2451 250
23 25 2 2157 226
39 39 4 1685 177
12 6 1 1615 171
29 38 2 2114 219
12 6 1 1612 165
36 35 1 2111 219
8 23 4 1914 197
18 26 2 2133 220
33 4 4 2368 249
26 27 3 2205 233
26 36 1 2205 226
18 38 2 2134 224
20 34 2 2402 248
24 32 3 1843 189
10 30 3 1785 184
10 23 1 1782 187
14 25 4 2296 241
1 39 1 2016 215
23 39 1 1876 198
36 12 4 2001 204
7 5 2 2204 225
7 5 3 2208 234
21 0 2 2297 238
5 26 3 2253 230
21 12 2 2601 264
7 10 2 2611 266
7 24 2 2613 271
34 16 2 2133 223
34 13 1 2137 223
38 20 1 2154 226
35 2 3 1715 182
35 24 3 1718 187
38 3 1 2145 224
11 8 1 2118 224
10 36 1 1757 185
1 32 1 2288 240
1 36 2 2285 236
36 19 1 1857 194
8 19 4 1846 194
35 14 2 2265 238
8 32 3 1847 199
29 22 3 2048 220
29 37 3 2043 208
30 13 1 2024 207
32 5 3 1993 206
32 36 2 1998 210
15 16 4 1924 197
15 4 1 1923 200
9 28 4 2785 290
16 33 2 1971 206
27 4 4 2748 288
38 39 2 2347 244
38 23 4 2341 236
1 33 4 2366 248
1 0 3 2368 251
30 37 4 2602 265
18 27 3 2595 266
18 30 1 2593 266
4 23 1 2284 236
31 0 4 2108 226
31 30 2 2104 215
36 6 1 2221 229
36 13 4 2224 232
16 21 4 2583 265
13 3 2 2042 209
17 8 4 2146 223
17 3 2 2145 226
27 6 3 2098 225
17 32 2 1968 210
21 19 4 2026 216
23 1 2 2367 244
23 4 4 2361 244
27 14 3 2332 242
15 15 3 1597 172
33 11 2 1582 161
33 19 2 1586 168
10 4 2 2408 253
10 14 2 2408 250
1 16 2 1925 199
12 29 3 1858 195
12 25 3 1856 198
37 4 1 2267 237
37 10 3 2265 239
34 24 3 2007 208
34 3 3 1985 205
10 0 3 2394 250
13 12 2 2135 226
38 38 2 1956 205
20 35 3 2054 215
18 7 1 1584 167
18 11 2 1583 168
22 16 3 1954 207
22 33 3 1951 204
11 29 3 2131 218
11 39 2 1682 178
26 9 3 2077 216
39 5 3 1638 172
2 3 3 1713 177
0 9 2 1742 182
12 11 3 1667 176
12 39 3 1668 177
9 12 2 1828 196
38 12 4 1663 171
38 8 2 1668 182
30 27 1 2121 214
30 3 2 2123 223
5 31 1 1767 188
18 10 3 2104 218
18 33 3 2108 223
10 38 4 2185 227
27 26 2 1838 197
35 35 3 1781 180
35 32 2 1786 187
16 39 3 2406 254
38 18 1 2437 256
38 23 2 2438 252
0 18 3 2321 238
22 25 4 1622 169
22 14 4 1676 175
22 12 1 1672 174
22 31 3 1625 171
14 24 4 1408 156
12 20 2 1745 182
24 2 4 1568 171
20 18 1 2075 215
20 3 2 1827 193
7 32 4 2633 267
20 39 1 2078 223
7 38 3 2636 277
32 23 3 2678 280
36 6 4 1417 155
19 0 4 2228 234
31 21 1 2481 254
16 10 3 2444 254
5 4 3 2501 255
36 13 3 2552 265
16 28 4 2445 256
15 0 2 2432 247
13 16 4 2656 272
28 15 4 2433 254
6 12 1 1661 175
5 29 4 1742 183
1 10 3 2411 246
3 5 2 1566 167
5 25 1 1741 180
3 2 1 1561 161
25 30 3 1593 163
33 39 1 1655 175
30 22 4 1638 176
39 33 3 1756 188
17 38 4 1537 168
11 6 2 1505 159
11 0 4 1505 161
33 0 1 1658 180
33 18 2 1656 177
26 23 2 1764 183
26 19 1 1764 183
38 15 3 1568 171
38 13 2 1563 161
15 25 3 1716 181
24 39 1 1453 150
24 19 1 1453 155
22 19 1 1551 160
3 22 2 1641 169
3 9 1 1647 172
20 4 2 1536 161
38 10 3 1554 160
11 28 3 1583 169
28 1 4 1685 175
2 26 3 1582 167
29 12 4 1608 169
28 6 4 1695 176
32 37 1 1682 175
29 33 2 1606 172
6 25 3 1764 182
22 5 1 1673 173
1 9 1 1754 187
22 9 3 1676 181
1 33 2 1755 187
29 27 1 1726 183
13 37 4 2113 217
29 9 1 1725 180
13 35 2 2113 216
30 6 4 1613 170
35 5 2 1561 161
1 20 3 2096 217
27 12 1 1577 169
27 2 3 1996 206
37 12 4 1538 164
37 9 1 1538 162
3 22 2 1877 198
12 35 3 1697 177
21 38 1 1593 166
21 16 4 1596 168
2 32 2 1553 163
16 35 4 1683 177
2 26 3 1552 164
37 39 4 1935 200
37 20 4 1936 204
39 30 3 2004 206
23 34 1 1451 147
7 34 1 1496 163
23 3 2 1454 155
16 6 3 1765 188
16 3 1 1765 187
20 1 3 1456 159
26 13 3 1734 184
26 34 2 1734 180
29 38 1 1458 157
29 13 1 1457 153
29 27 2 1997 214
38 3 1 1575 170
29 34 4 1992 203
1 38 3 1594 166
30 7 3 1361 144
0 17 3 2137 225
22 19 2 1376 149
1 29 3 1796 189
28 19 4 1958 211
28 4 1 1952 200
1 20 3 1797 194
22 25 3 1974 205
4 15 3 1396 147
21 4 4 1672 175
22 13 4 1971 206
7 28 3 1998 215
39 10 4 1825 193
9 38 3 2074 212
5 17 2 1822 186
28 10 1 2155 227
5 3 1 1824 194
31 35 1 1936 204
39 37 2 1718 185
39 7 1 1714 178
13 28 4 1957 207
10 23 1 1978 212
10 14 1 1977 207
25 25 2 1734 179
25 2 3 1733 183
18 22 1 1891 191
21 16 4 1815 189
18 19 3 1894 198
10 12 1 1837 194
24 32 2 1578 167
28 12 4 1925 205
21 5 4 2051 212
16 10 4 1436 155
29 5 2 1935 206
29 6 3 1934 201
30 35 4 1838 199
6 14 3 2012 206
30 20 3 1833 193
29 11 4 1562 160
29 37 3 1561 161
30 37 2 1428 156
30 23 1 1427 152
25 24 3 1841 190
24 3 4 1982 207
2 23 3 1421 148
24 5 2 1982 205
32 18 4 2002 206
32 5 1 2001 206
31 14 3 1468 156
31 23 2 1465 152
6 21 2 2041 207
28 13 2 1448 153
4 8 1 1512 161
9 39 2 2085 217
32 7 4 1677 175
32 29 3 1672 173
6 38 3 1311 138
6 2 1 1318 142
13 26 2 2144 221
13 19 3 2147 228
19 34 4 1751 181
11 39 1 1995 208
32 6 1 1686 182
33 6 1 1906 198
16 25 2 1982 205
6 30 2 1988 212
16 20 2 1987 209
1 11 4 1764 181
1 12 3 1764 182
12 12 3 2233 233
12 27 3 2235 232
1 35 1 2267 237
1 21 1 2268 241
33 38 4 1861 188
32 13 1 2241 230
32 20 1 2247 236
33 16 2 1863 191
5 22 2 1702 178
5 29 3 1703 178
15 26 4 2102 214
8 13 4 2065 219
21 26 2 2087 222
26 33 4 1956 207
26 31 2 1955 202
26 28 1 2224 228
11 6 3 1996 212
29 30 2 1808 191
3 34 2 1765 188
2 11 2 1863 190
21 6 2 2083 217
11 0 2 1996 209
29 23 4 1805 193
2 34 4 1862 194
15 4 3 1795 191
16 39 2 1883 194
3 4 4 2016 211
11 20 1 1533 158
2 0 3 1881 194
36 16 2 1932 202
17 8 3 2131 215
20 5 3 1465 158
38 27 1 2082 212
38 24 4 2084 214
13 36 1 1641 166
25 21 2 1617 175
27 19 1 1392 146
39 22 2 1586 165
39 13 1 1583 164
25 25 1 1514 157
26 17 4 1596 166
20 35 2 1564 168
20 13 2 1568 169
15 30 3 1568 165
15 23 1 1564 166
7 10 1 1796 193
10 7 1 1795 185
10 23 4 1794 185
14 23 3 1705 181
7 22 3 1782 184
35 17 4 1596 171
35 22 1 1595 167
2 0 3 1625 171
11 37 4 1308 141
11 39 1 1308 141
1 2 1 1333 137
33 10 1 2077 218
3 32 2 2098 220
34 23 1 1323 143
36 16 3 1338 145
36 7 3 1331 142
23 5 3 1435 149
13 4 3 1352 139
13 12 1 1352 139
28 8 3 1291 132
21 0 4 1378 148
18 29 2 1287 137
8 2 4 1328 142
12 25 1 1397 152
4 21 1 1394 150
4 10 1 1392 143
5 33 3 1497 158
5 20 1 1493 159
7 39 2 1422 147
16 14 4 1453 152
23 36 2 1436 150
32 25 1 2201 227
10 7 4 2187 231
2 6 2 1376 147
10 3 4 2183 229
2 28 2 1377 146
39 18 1 1413 151
39 12 2 1417 149
37 17 2 1413 146
0 38 1 1712 179
0 17 1 1718 187
22 23 2 1672 177
22 38 3 1674 174
17 1 4 1715 183
17 2 2 1715 183
22 24 1 1846 195
23 36 4 1815 190
23 37 1 1813 192
23 33 3 1855 193
23 16 2 1855 197
7 14 1 1857 197
7 34 4 1855 196
10 33 2 1933 203
23 29 4 1663 174
23 2 4 1662 172
30 35 4 1653 169
13 21 3 1693 176
35 32 4 1684 173
35 22 2 1682 172
17 28 4 1666 179
17 13 3 1661 173
25 14 1 1577 167
13 39 3 1646 176
13 36 4 1733 182
22 38 4 1651 172
39 16 4 1763 187
36 3 3 1664 177
21 11 4 1753 179
19 39 1 1466 156
24 10 4 2143 218
27 23 1 2122 215
36 17 3 1667 174
5 21 2 1583 162
23 26 1 2154 225
27 19 3 2126 223
17 7 2 1743 181
8 5 1 2157 228
21 38 3 1625 168
5 23 2 1583 163
5 32 3 2284 237
0 30 4 1942 201
8 10 2 2154 222
16 22 2 2022 210
0 21 2 1943 198
20 37 2 1587 168
4 16 1 2116 218
20 33 1 1587 166
39 28 2 1943 201
39 22 3 1947 209
4 6 4 1915 199
4 38 1 1912 196
34 20 2 1943 198
23 23 1 1932 202
22 28 3 2092 214
0 2 4 2093 219
0 14 4 2095 218
23 14 3 2023 206
6 35 1 2178 229
11 15 4 1902 195
11 22 4 1908 202
34 37 4 1887 199
30 32 4 1914 196
6 37 3 2127 221
6 11 1 2122 220
28 2 4 2286 238
28 6 3 2283 233
31 37 2 2028 213
33 18 3 2074 212
26 5 3 2222 225
37 7 2 2134 222
13 8 2 2194 230
26 12 4 2145 226
5 38 4 2258 235
26 8 2 2144 222
29 20 1 1781 184
22 39 2 1781 181
16 8 3 1912 198
22 1 1 1786 186
20 20 4 2361 241
16 21 3 1913 196
13 39 3 2306 240
13 19 3 2304 242
38 12 1 1884 198
21 20 2 2416 255
38 33 3 1881 190
35 36 3 2376 249
35 3 4 2375 250
27 16 3 2325 245
12 23 4 2334 245
12 30 1 2331 240
12 8 3 1823 189
11 37 1 1814 186
20 27 2 2097 223
20 13 3 2098 224
30 18 3 2126 220
25 6 1 2058 216
25 27 3 2053 216
6 3 2 1981 206
13 2 1 2246 231
6 9 1 1826 190
39 3 2 2086 215
34 14 2 1818 195
34 18 1 1814 191
19 31 1 2285 234
19 35 4 2286 235
18 6 4 1911 200
26 29 1 2211 226
2 30 3 1428 158
38 39 3 1383 145
38 35 1 1382 148
29 5 2 1738 186
7 24 1 1753 184
39 0 4 2178 228
8 28 1 1614 172
8 15 2 1613 169
35 23 2 1484 157
13 9 1 1534 163
13 11 4 1538 169
21 5 4 2075 215
21 3 1 2074 217
23 27 2 1521 161
14 35 4 1562 161
14 14 1 1565 164
5 16 2 2066 215
18 25 1 2065 216
18 12 2 2066 216
5 16 1 2053 210
5 14 4 2053 216
23 29 2 1485 155
14 7 1 1647 179
23 15 3 1487 162
12 2 2 2166 226
14 9 3 2162 224
3 15 2 2072 211
24 9 1 1901 199
24 38 1 1906 201
23 23 2 1528 166
23 9 2 1527 161
37 0 2 1565 167
15 29 4 2114 221
38 3 1 2012 208
37 34 1 1565 162
23 4 4 1668 178
37 26 3 1617 170
37 26 4 1614 166
23 29 1 1661 171
11 0 4 1606 172
20 1 2 1933 199
20 7 4 1931 196
0 5 1 1721 180
14 14 1 2067 215
35 28 3 1992 205
6 29 2 2017 211
35 2 3 1996 209
5 20 4 2063 213
10 32 4 1553 165
2 3 1 2091 213
5 11 2 2121 218
5 10 4 2125 219
32 35 2 1657 177
12 21 1 2051 211
32 11 3 1672 175
12 35 1 1944 205
19 22 2 1983 207
16 32 1 1896 198
16 7 4 1896 203
22 4 1 1911 199
22 20 1 1911 194
2 16 4 1836 195
25 24 3 1795 188
14 33 4 2072 217
14 22 2 2075 214
23 21 4 2121 218
28 19 1 2077 218
28 2 2 2078 222
7 24 4 1785 189
37 28 2 1855 196
37 14 3 1855 198
35 36 1 2042 211
3 26 2 1948 206
3 24 1 1941 202
36 20 2 2111 218
10 37 4 2273 235
10 6 4 2278 243
17 3 3 1864 196
38 15 1 2126 220
10 37 4 1932 201
13 16 4 2061 214
4 23 1 1756 182
13 31 4 2065 214
4 32 4 1758 186
25 23 2 2055 217
25 22 2 2054 211
15 27 3 1478 160
20 1 4 1945 204
4 31 4 2008 212
19 15 3 2117 219
29 27 1 1898 198
29 25 1 1893 194
19 20 4 1496 158
17 16 3 2255 235
17 37 4 2257 237
34 4 2 2034 213
7 5 3 1448 156
38 25 1 1664 177
3 31 3 1705 179
27 8 1 2147 227
27 38 1 2144 220
13 33 1 1532 158
38 31 2 1576 171
34 19 3 1808 193
13 17 4 1846 191
13 12 4 1841 190
1 25 2 1592 163
3 27 1 1873 197
1 29 4 1592 165
3 38 3 1875 196
6 6 1 1885 200
6 11 2 1888 198
3 25 2 1557 164
3 36 4 1554 165
34 27 1 1638 176
34 11 1 1472 153
30 36 2 2065 218
36 11 4 1655 175
30 5 2 2065 217
20 25 1 2043 213
39 4 4 2005 208
26 3 2 1646 173
26 6 3 1641 169
35 4 3 1773 187
32 36 2 1632 171
32 27 3 1633 172
16 30 1 1687 176
38 26 2 1662 174
35 32 1 1772 185
2 34 2 2062 214
22 30 1 1984 209
12 20 1 1648 176
9 8 3 1625 170
12 35 3 1698 182
20 9 4 2178 232
5 30 3 1614 173
5 3 2 1612 164
6 36 4 1703 179
35 9 4 2167 224
9 35 2 1801 183
9 19 3 1808 193
37 0 2 2172 223
37 9 1 2172 225
27 6 1 1837 192
33 1 4 1871 190
9 25 3 1817 194
9 16 1 1817 195
1 16 3 1908 206
9 20 3 1876 200
9 16 3 1877 195
5 10 2 1731 178
25 5 4 1825 188
33 3 1 1725 179
37 21 3 1755 187
37 18 2 1754 184
6 12 2 1762 179
12 13 1 1695 179
26 23 2 1673 178
12 15 1 1692 172
26 33 4 1675 174
1 22 2 1753 184
28 20 1 1697 177
10 30 4 1606 173
10 2 4 1603 165
4 29 2 1615 174
4 6 4 1615 172
9 23 3 1726 185
9 25 3 1721 177
22 23 3 1697 184
19 38 1 1607 170
19 27 4 1551 161
39 33 1 1504 160
25 22 3 1818 190
13 12 4 1618 174
15 35 2 1716 178
27 39 3 1611 169
19 20 4 1832 187
23 24 4 1835 192
18 33 3 1773 187
18 37 2 1774 182
0 29 2 1801 187
0 7 2 1611 165
6 11 2 1592 162
33 34 4 1871 192
6 19 3 1591 161
38 32 2 1687 180
38 29 2 1687 180
33 1 2 1883 196
22 5 1 1768 188
39 34 1 1751 178
2 30 3 1617 174
25 3 2 1801 183
5 10 1 1678 183
5 38 3 1672 175
10 2 1 1831 187
10 32 1 2468 262
10 5 4 2467 258
29 22 1 1835 196
12 31 1 1752 182
12 0 2 1753 186
15 35 2 2542 259
15 21 3 2548 268
16 10 2 2725 280
16 2 2 2724 281
0 30 3 2477 255
0 8 1 2472 255
28 27 2 2567 271
28 31 1 2563 261
13 0 2 2652 271
4 8 2 2554 266
4 26 3 2553 266
10 30 3 2541 257
21 10 3 2546 261
21 2 4 2542 264
0 23 1 2346 247
23 3 1 2807 291
23 29 3 2805 290
2 25 4 2644 275
6 20 1 1554 160
38 39 3 2778 286
39 13 3 2235 232
39 35 2 2236 233
32 11 1 2675 280
13 24 4 2324 239
3 35 1 1935 206
18 24 4 2156 229
2 24 3 1715 178
24 34 1 1565 166
31 24 3 1716 178
23 10 3 2526 262
18 14 3 2387 249
25 33 1 1695 178
14 20 3 1753 184
39 24 3 2542 262
23 9 4 2527 267
18 33 3 2563 260
32 34 3 1874 199
35 36 4 1806 193
35 18 1 1801 188
26 4 3 1974 207
26 35 3 1974 203
38 15 2 2278 243
38 31 1 2272 237
33 36 3 2232 229
33 28 1 2236 234
10 2 2 2188 228
31 5 1 1888 199
31 21 3 1887 197
3 23 4 2234 235
3 30 4 2233 230
27 16 4 2146 226
21 35 4 1975 207
8 20 4 1828 198
23 22 4 2358 248
12 10 3 1718 186
8 26 2 1825 193
12 39 4 1966 203
39 20 4 1774 186
11 14 3 1764 188
3 14 3 1778 191
5 38 2 1723 177
5 9 3 1728 182
9 25 3 2168 229
39 35 3 1781 184
39 0 1 1781 187
33 27 4 2041 212
33 35 1 2048 213
29 14 4 2185 227
16 36 1 2076 219
16 33 1 2073 213
7 22 1 1675 180
7 13 1 1673 177
35 27 3 2155 225
35 18 2 2151 217
22 9 4 1805 192
38 34 3 2056 218
12 6 4 2268 237
0 15 3 2507 262
3 12 2 2054 212
6 31 4 2373 245
24 9 1 2086 222
24 36 3 2086 215
9 27 2 2224 230
10 31 2 2392 247
4 10 4 2377 245
4 6 4 2371 241
25 32 4 1986 206
25 35 3 1983 202
29 3 2 1952 200
16 32 4 1992 202
16 38 4 1994 206
14 7 1 2501 259
14 16 4 2508 263
4 36 1 2532 259
19 8 2 1681 175
11 27 4 1615 173
11 4 4 1616 175
15 10 3 1726 181
15 5 4 1727 180
14 28 3 2422 246
4 4 1 2448 257
4 10 2 2444 253
1 22 3 2443 251
1 18 1 2448 255
19 14 3 2168 230
6 16 3 2252 229
32 39 2 2102 215
3 15 1 2268 238
6 23 1 2256 235
8 29 1 2237 236
3 12 3 2096 221
21 15 1 2657 273
3 12 4 2097 223
12 13 4 2215 229
15 18 1 2733 281
21 11 4 2655 275
13 17 3 2328 241
6 4 1 2298 238
30 38 3 2152 223
30 16 1 2152 223
0 10 1 2265 239
0 12 1 2268 240
23 3 1 2366 243
30 34 3 2662 272
27 4 1 2667 276
27 38 4 2668 280
37 23 4 2653 271
37 14 1 2657 280
0 14 3 2512 259
33 1 1 2486 260
0 4 4 2513 260
33 15 4 2482 258
4 0 1 2603 268
39 31 2 2444 252
23 24 2 2362 246
4 9 2 2883 292
33 27 4 2066 213
28 33 4 2907 303
9 1 1 2926 306
27 9 4 2133 224
4 25 3 2008 214
36 31 2 2102 218
1 33 4 3061 312
36 38 4 2104 222
5 4 1 2062 215
37 3 2 2082 211
13 7 4 2075 217
22 32 1 2208 235
3 34 3 2114 218
37 30 4 2087 218
32 19 1 2352 244
22 30 2 2201 229
32 3 3 1991 203
32 3 4 1991 208
14 18 3 2385 248
19 28 2 1941 197
19 27 3 1946 206
36 25 4 2363 243
32 34 1 2401 243
32 8 4 2408 253
27 27 2 2064 213
36 18 1 1851 192
8 18 3 2247 237
3 39 2 2248 234
27 6 4 2131 220
24 9 1 1872 195
3 29 4 2242 228
2 19 1 1823 188
2 31 1 1828 194
20 27 3 2263 232
13 2 4 2233 227
20 8 3 2261 233
13 8 3 2235 235
16 30 4 2236 237
10 13 3 2664 276
24 37 3 2717 282
0 19 1 2381 241
12 32 3 2641 266
37 25 2 2826 294
5 21 3 2344 240
26 7 1 2302 234
12 34 2 2647 277
39 5 3 1984 203
25 2 1 2941 301
5 39 1 2258 238
12 33 2 2043 210
39 11 2 2155 228
39 4 3 1987 206
39 14 4 2152 221
25 22 2 2418 256
25 35 4 2412 246
30 2 4 1845 191
32 0 4 1897 202
34 6 3 2487 257
38 37 3 2245 232
38 15 3 2247 234
36 34 1 2267 238
36 29 4 2265 232
27 20 4 2337 247
4 3 3 2491 258
23 0 4 1978 208
23 27 4 1975 210
35 1 4 2196 229
35 0 1 2195 225
1 38 3 2297 240
6 30 2 1654 170
38 16 1 2197 232
6 8 2 1714 183
10 35 4 2501 257
25 23 2 2265 237
39 26 2 1774 184
39 14 3 1771 186
23 15 2 2152 218
31 13 1 1797 187
14 25 3 1868 197
15 13 2 2185 231
31 22 3 1796 190
25 9 4 1976 204
25 15 4 2063 213
15 14 4 2022 208
15 21 3 2021 204
2 16 2 2451 247
9 28 2 1713 176
9 4 1 1716 181
30 6 4 1676 180
26 28 1 2035 216
26 23 1 2035 212
39 12 1 1997 213
32 6 4 1987 206
32 16 3 1985 209
23 3 1 2126 225
12 32 1 2137 223
20 22 4 1968 206
20 15 4 1967 205
32 7 2 1881 194
28 27 4 1988 211
18 2 2 1968 210
2 22 1 2001 202
3 30 4 2038 212
2 36 4 2104 222
18 2 4 1966 209
10 3 3 2386 248
2 35 3 2008 216
10 28 4 2387 248
39 1 2 1753 182
2 0 3 1735 185
2 11 2 1736 183
19 30 3 1994 207
36 17 4 1942 204
17 19 3 2216 229
30 17 3 2087 220
6 35 2 1758 184
3 31 4 2276 235
6 5 4 1758 187
27 32 3 1761 185
30 16 2 2083 214
34 15 3 1794 190
33 36 2 2181 223
8 29 2 2125 225
21 10 2 2087 219
30 36 4 1826 191
26 2 3 2215 234
26 6 3 2216 230
3 27 3 2003 211
1 15 4 2093 219
8 27 2 1952 205
1 2 4 2095 220
0 24 3 1902 198
0 1 1 1904 196
12 12 4 2152 218
14 37 1 1861 191
28 9 4 1853 192
25 30 4 1901 194
37 30 2 1916 199
33 25 1 1895 198
19 15 1 1934 204
6 13 3 1928 205
19 14 3 1931 195
29 32 1 2133 217
6 15 2 1926 205
30 0 3 2147 229
11 9 3 2322 235
30 5 2 2142 222
20 28 3 2222 232
9 33 3 2357 245
6 6 2 2151 222
7 9 3 2084 217
7 24 3 2081 214
33 19 3 2045 211
33 5 3 2041 210
33 29 3 1973 206
27 0 1 2017 213
22 19 3 1996 207
2 6 2 1998 213
29 7 3 2064 218
22 26 1 1997 213
21 19 1 2442 248
1 7 4 2055 215
27 6 3 2226 230
27 4 1 2222 229
20 14 4 2371 240
12 19 3 2314 238
14 25 1 1922 200
12 36 1 1923 196
36 18 4 1917 203
36 0 2 1911 197
36 3 4 1936 201
36 33 2 1936 205
34 38 2 2125 222
34 35 4 2121 220
6 16 2 2151 218
9 17 2 2138 224
11 13 4 1777 188
11 13 1 1774 182
35 19 1 2228 235
39 7 3 2153 224
38 11 4 1862 190
38 38 1 1864 192
21 17 1 2124 221
29 14 2 2076 214
29 26 1 2075 217
20 2 1 1906 198
29 7 3 2184 228
16 13 1 2195 226
2 25 3 1985 209
16 16 3 2192 223
34 15 4 2102 217
34 9 3 2107 224
11 31 2 2148 228
5 11 4 2185 229
5 28 4 2181 220
26 11 4 2155 221
1 7 3 2292 236
14 17 1 2301 238
14 24 4 2305 236
27 18 3 2283 232
28 27 3 2117 219
25 36 1 1877 195
25 33 1 1874 197