0 35 4 03 7
0 12 3 07 9
35 1 4 73 14
35 21 4 75 14
1 19 2 148 24
21 23 4 145 20
19 19 1 248 35
23 21 1 202 26
12 39 2 91 13
21 21 1 268 37
39 24 1 135 19
21 7 2 373 41
24 22 1 194 26
21 18 3 265 37
7 25 2 411 46
19 19 3 352 40
25 2 2 466 55
19 7 1 358 47
19 28 3 247 33
21 20 3 146 25
7 6 3 472 52
2 38 1 554 66
19 36 3 401 43
19 24 4 405 49
38 13 2 661 75
24 6 1 493 57
13 34 3 756 85
18 35 4 372 44
22 3 2 261 32
7 11 3 412 46
3 22 1 322 36
11 4 2 461 48
22 11 1 367 48
24 36 4 197 29
21 21 2 378 48
39 24 1 131 18
36 32 4 295 41
24 4 3 186 30
21 7 1 484 57
4 4 1 301 37
11 25 1 483 58
4 30 1 483 55
4 2 4 488 64
11 6 2 467 56
2 21 2 644 73
6 20 1 565 66
3 15 1 327 43
35 4 1 448 53
34 37 3 854 93
6 17 1 578 68
37 37 3 934 102
6 25 3 573 63
37 5 3 1025 114
25 18 3 632 71
5 13 4 1144 119
13 17 2 752 78
13 23 2 1195 127
17 37 3 784 85
24 10 1 492 54
36 31 3 436 56
10 15 1 546 63
31 38 1 561 62
38 13 2 661 71
6 35 3 528 68
6 32 3 525 63
35 21 1 688 84
32 23 4 631 69
20 34 3 254 35
23 3 2 691 72
34 27 4 355 45
3 23 1 723 79
28 26 1 334 43
23 39 2 794 91
23 9 4 797 87
39 24 1 911 97
9 20 1 877 97
24 9 1 971 101
20 11 2 977 105
27 8 2 454 56
3 4 4 727 85
34 35 2 354 41
4 6 2 852 91
35 9 2 414 48
21 23 4 841 89
32 33 1 632 66
23 13 3 895 102
35 22 1 681 74
13 11 2 711 80
13 29 4 718 84
11 26 1 804 91
38 32 2 621 69
15 25 1 636 73
15 25 2 637 71
31 5 4 568 68
25 18 3 716 81
10 3 3 547 69
37 33 1 853 89
3 5 2 697 82
33 33 2 895 97
5 5 3 822 89
33 29 2 978 109
5 21 4 896 97
5 34 1 894 98
37 18 3 856 97
34 13 2 982 107
18 14 2 978 113
13 14 4 1071 114
23 23 2 1272 135
23 15 3 1273 133
17 36 2 786 90
15 34 3 1334 138
18 31 1 717 83
18 9 1 712 76
31 23 2 832 90
5 2 3 1143 119
23 32 1 907 103
2 10 3 1195 128
2 19 2 1191 125
25 9 1 634 68
37 5 4 1026 110
9 36 1 682 73
5 33 1 1105 117
17 6 1 686 80
17 38 3 687 77
6 25 1 803 91
37 32 4 932 99
25 9 2 911 98
4 30 3 532 56
4 8 3 538 65
15 22 3 438 55
20 21 3 662 74
22 35 1 557 65
21 39 2 732 79
21 15 1 746 84
6 22 2 568 68
2 26 1 647 74
22 13 3 687 80
30 36 4 553 62
13 26 1 802 84
36 16 2 627 71
26 3 4 848 93
16 11 2 718 82
3 10 4 936 106
11 11 4 827 94
10 15 2 1065 116
11 11 4 941 99
15 32 1 1161 125
30 27 2 551 59
32 19 4 1257 137
27 0 3 596 72
19 7 2 1376 148
19 11 4 1371 139
7 36 2 1483 159
25 9 1 584 63
4 3 2 377 48
7 6 4 572 66
7 2 4 577 68
4 6 2 308 45
2 18 4 683 78
32 0 3 418 51
24 8 4 183 29
0 23 3 518 64
8 12 2 293 33
23 24 1 644 69
18 18 1 787 92
24 28 1 692 76
6 1 1 453 51
6 1 3 665 75
6 20 1 661 74
3 9 3 484 57
20 2 3 744 85
9 32 1 632 69
2 20 4 851 87
32 15 1 696 79
36 6 3 1594 167
36 21 4 1598 168
11 7 2 1392 144
21 26 3 1681 177
7 28 3 1446 154
7 27 2 1448 158
11 22 1 1397 150
28 10 3 1543 158
0 13 3 728 85
32 39 3 1258 140
11 4 3 992 108
11 18 1 997 111
15 18 1 1167 130
10 8 3 1062 110
3 12 2 935 103
26 31 4 843 88
36 14 1 623 66
12 5 1 1035 112
14 4 4 664 77
5 35 1 1125 124
13 22 1 807 94
35 20 4 1245 132
22 29 1 941 97
26 25 4 743 81
26 34 4 742 81
15 9 3 842 89
34 37 4 815 94
39 33 2 795 92
37 30 1 943 104
33 14 4 923 96
35 30 1 654 75
14 30 4 961 101
30 25 1 752 80
30 35 1 1015 114
21 10 2 747 88
35 3 3 1143 125
22 12 2 551 60
8 4 1 658 81
8 24 4 656 73
30 20 2 566 66
30 22 1 567 70
9 22 1 984 108
32 32 3 997 111
22 22 4 1087 120
25 32 1 912 96
22 23 3 1208 131
38 38 2 771 86
33 38 1 1177 130
38 18 3 863 95
36 14 1 733 80
18 11 1 956 105
19 27 2 1255 131
10 0 1 1281 135
32 26 1 1037 118
9 22 3 763 84
26 7 4 1181 120
31 0 3 836 93
34 31 1 1381 141
7 32 1 1207 128
0 5 2 937 108
32 22 2 1287 143
5 8 2 1085 114
36 37 1 902 100
22 39 2 1431 146
37 16 4 1006 107
39 23 3 1465 156
16 25 3 1077 120
23 39 2 1565 168
36 9 1 902 94
39 23 2 1687 176
9 27 1 947 106
23 10 3 1767 185
27 13 1 1061 112
15 14 1 1337 145
23 38 3 1358 145
14 28 1 1454 154