0 31 2 02 5
31 3 4 58 21
31 8 1 58 18
3 9 1 216 33
8 32 3 188 34
8 16 3 188 31
32 39 1 342 37
16 12 3 317 45
39 17 4 376 45
32 11 2 342 44
9 14 4 332 38
9 14 2 332 40
14 9 1 387 52
14 14 4 403 47
14 20 4 404 51
14 22 4 473 54
9 1 4 526 59
11 16 4 446 54
11 18 3 441 48
17 20 3 455 55
17 3 3 458 56
20 26 2 555 68
3 38 3 565 66
12 14 3 452 51
38 26 1 666 74
14 25 1 515 58
26 24 1 747 84
25 20 1 584 69
39 35 2 377 48
20 31 4 691 75
16 22 4 312 35
35 21 4 482 57
20 32 4 693 77
21 7 3 572 63
24 39 2 846 96
7 8 4 637 75
25 14 1 586 70
8 13 2 754 81
14 5 4 704 81
13 32 1 814 89
5 18 1 818 94
32 12 4 895 101
26 35 2 744 80
38 36 2 663 74
12 9 4 1011 105
26 30 3 684 75
20 32 2 558 71
30 2 1 755 82
18 0 1 488 60
18 7 4 483 55
16 6 1 544 59
7 31 1 554 64
6 4 3 594 70
1 1 1 593 68
31 18 3 647 75
1 16 1 598 69
22 14 3 543 64
16 36 3 693 74
20 29 2 512 59
36 6 2 747 86
14 7 4 641 69
18 27 4 758 89
1 1 3 688 83
4 19 4 701 79
1 27 3 833 90
31 26 2 646 76
27 23 4 904 98
7 31 2 556 66
23 39 4 984 110
0 23 4 602 69
2 20 4 821 91
23 33 4 692 77
20 28 2 916 99
33 37 1 775 83
2 20 3 828 97
37 23 4 838 99
20 5 1 975 108
32 34 1 716 80
32 19 2 718 80
34 3 3 808 94
19 32 2 807 91
9 33 3 1055 118
36 1 1 741 81
35 27 3 804 85
12 25 1 1015 108
27 11 4 851 89
18 8 3 945 104
11 19 1 892 99
8 26 1 1044 109
32 26 1 893 96
26 26 4 1093 117
26 2 1 961 104
26 28 3 1171 124
2 33 1 1042 113
5 31 1 814 93
33 22 2 1136 127
31 23 2 936 106
22 9 1 1271 131
13 19 4 817 89
14 19 3 705 76
8 29 3 757 86
39 26 2 967 108
7 26 4 634 74
32 23 3 777 89
26 3 2 747 82
21 17 1 574 64
3 39 1 823 86
17 38 4 648 73
39 4 3 864 97
38 15 2 731 76
22 17 2 352 44
15 22 1 768 88
17 23 2 441 47
22 0 4 885 97
31 30 3 751 84
31 12 3 755 86
30 5 4 844 96
30 0 2 846 98
0 31 2 971 105
0 22 2 975 105
23 31 3 473 56
22 21 2 1053 115
23 13 4 472 56
21 16 4 1153 124
13 35 1 565 66
16 2 3 1245 131
22 9 2 887 102
15 6 2 766 83
4 6 4 976 109
4 13 4 972 103
38 1 4 731 82
13 11 2 1035 111
1 0 4 821 88
39 39 3 864 94
3 21 2 824 87
23 38 3 895 96
39 33 2 945 107
21 20 4 876 101
23 32 3 894 100
26 39 4 747 85
32 36 4 1008 113
26 32 1 1083 114
36 13 3 1134 121
32 5 3 1142 123
26 6 2 1084 115
29 25 2 862 93
29 19 3 861 94
19 1 3 766 89
19 16 4 891 93
19 32 4 946 105
19 15 4 891 94
32 5 2 1057 115
9 13 1 1315 140
9 23 1 1317 143
13 36 1 1404 150
23 4 3 1067 117
22 32 1 1274 135
32 27 1 1355 144
31 10 3 935 104
32 28 2 1353 143
33 18 4 1133 122
28 19 4 1241 132
28 33 3 1243 129
18 36 2 1224 127
26 3 1 1175 124
36 26 3 1276 137
26 7 2 965 102
26 21 1 1092 119
7 39 2 1027 113
19 30 3 994 106
19 31 3 995 107
25 8 3 1088 124
27 20 3 854 96
8 26 2 1241 126
20 0 4 967 105
26 1 3 1267 135
1 28 2 814 91
1 22 4 1354 140
28 28 4 911 96
33 30 2 1187 131
28 4 2 967 111
32 23 3 916 104
32 3 3 912 101
3 15 1 944 101
3 16 3 1015 113
15 7 3 1017 113
15 34 1 1018 117
19 18 3 802 83
34 9 4 1171 120
34 14 4 803 91
18 18 1 837 96
5 17 2 1081 114
23 16 4 993 109
23 22 4 998 111
16 14 2 1096 118
20 31 4 973 105
37 34 2 831 89
28 34 4 994 105
34 30 2 894 95
34 32 1 1057 119
30 37 4 956 102
32 38 4 1196 131
32 28 1 1191 125
28 18 2 994 109
33 39 4 771 79
23 3 3 696 78
39 13 4 1108 123
3 7 2 787 91
3 28 1 784 85
7 34 2 912 95
28 29 4 853 94
34 17 4 957 107
29 3 1 946 103
17 3 4 1076 116
3 7 2 1034 112
3 4 3 1161 125
31 37 1 666 79
31 36 3 668 81
26 17 4 766 83
36 28 1 812 85
17 8 2 835 94
28 24 3 856 95
27 16 4 903 99
19 2 3 794 84
16 15 2 993 107
27 28 3 892 97
15 26 4 1073 116
7 33 1 698 81
26 11 1 1164 126
6 29 3 867 95
6 35 1 863 93
29 20 4 591 66
29 20 1 597 73
20 15 1 661 74
35 27 4 937 105
15 23 1 748 86
35 25 3 934 105
27 23 3 1057 114
29 8 1 957 110
23 9 1 1144 123
8 21 4 1101 115
9 17 3 1233 132
29 0 1 951 97
11 13 2 1267 139
33 35 4 811 90
35 14 1 905 96
33 30 4 814 87
26 32 2 1164 125
30 24 1 878 103
32 39 4 1254 132
24 18 4 1038 112
39 29 4 1327 147
18 12 1 1121 116
29 24 3 1478 163
28 9 3 975 108
24 11 4 1636 171
28 21 3 971 99
2 27 3 841 88
21 36 3 995 111
27 24 2 884 98
2 30 1 843 91
24 32 3 987 106
24 3 3 958 108
30 25 1 915 102
3 12 3 1085 118
25 23 3 1024 113
12 1 2 1187 128
23 15 2 1135 122
1 9 3 1288 140
15 22 4 1226 132
8 23 4 943 100
28 10 3 853 95
23 1 1 1005 109
10 17 4 956 106
1 23 1 1092 115
17 7 2 1065 116
23 13 4 1151 120
7 23 4 1164 128
13 8 1 1207 129
23 21 4 1283 133
8 32 1 1298 142
21 24 3 1333 137
32 8 3 1426 154
17 13 4 833 93
37 19 2 795 91
4 23 3 1255 132
4 17 3 1255 133
23 31 2 1322 138
17 20 2 1335 143
7 7 2 1121 118
3 25 1 1161 125
20 21 2 1432 151
3 7 2 1034 111
17 16 3 1075 118
7 10 4 1115 119
29 22 3 946 107
10 20 1 1195 131
22 8 2 1075 114
22 37 1 1077 121
20 2 1 1316 142
37 19 1 1213 129
34 12 2 953 99
2 6 3 1423 149
28 33 1 857 94
6 15 1 1492 158
13 32 1 1236 132
33 25 4 945 107
15 14 3 1583 163
39 13 1 798 88
14 11 3 1633 173
14 36 4 1631 167
18 13 2 1092 112
36 22 2 1678 183
13 16 4 1122 116
22 37 4 1832 188
16 12 2 1165 123
28 18 4 1258 137
38 36 3 1314 141
37 2 1 1021 109
18 23 1 1371 142
2 23 1 1092 117
23 17 4 1422 152
23 6 4 1176 129
30 0 4 957 110
17 38 4 1526 161
31 15 3 1054 115
38 36 1 1618 170
31 24 3 1052 115
36 19 4 1702 177
24 11 2 1151 117
19 12 4 1778 193
11 0 3 1177 125
14 36 3 1184 129
12 7 1 1935 205
0 28 3 1252 130
22 16 3 1113 116
28 22 4 1308 144
22 8 1 1118 126
16 27 1 1168 128
17 7 3 1147 124
18 18 2 962 106
14 27 1 913 97
9 27 4 1206 130
7 35 1 1137 127
16 29 3 1133 121
27 24 2 1304 140
35 30 4 1273 135
29 29 2 1216 129
30 10 3 1358 150
30 31 2 1353 140
29 31 1 1295 137
10 4 2 1505 157
31 12 3 1371 142
3 19 1 1016 115
4 9 3 1576 166
19 21 4 1158 125
9 3 1 1665 178
9 25 2 1663 174
23 21 1 1041 111
25 15 1 1743 183
21 4 3 1117 123
15 30 2 1833 193
4 22 3 1238 134
23 35 1 1045 114
30 33 3 1932 202
4 4 4 1118 125
33 15 2 2023 206
30 18 1 1315 138
22 11 1 1404 148
28 14 4 913 95
11 7 4 1487 163
1 27 1 1353 144
0 27 1 1053 110
7 5 1 1637 174
27 24 1 1445 155
5 17 3 1747 184
24 4 2 1556 163
0 6 2 1056 115
17 29 1 1845 190
26 24 3 1267 141
20 37 2 966 109
31 33 2 1076 120
37 19 2 1098 120
33 21 4 1204 129
19 7 2 1206 127
21 35 4 1293 136
21 7 1 1294 139
7 23 1 1271 131
35 14 3 1364 146
30 31 2 1066 120
23 0 4 1311 135
39 37 3 1134 119
0 6 3 1352 138
37 30 4 1196 129
6 27 3 1388 154
30 30 3 1293 139
27 14 4 1543 165
30 15 1 1397 148
30 27 3 1393 148
14 9 2 1652 175
15 11 1 1485 159
21 31 4 1191 122
9 37 4 1754 182
21 7 3 1197 127
26 4 1 1373 142
37 22 4 1822 189
26 39 4 1376 149
22 3 3 1891 191
39 21 4 1493 153
3 17 4 1911 193
21 33 2 1536 166
3 5 3 1242 129
3 26 3 1242 131
33 34 3 1297 139
26 11 4 1311 135
34 4 2 1394 147
11 20 4 1354 145
11 12 3 1358 148
20 0 3 1455 152
12 34 2 1486 158
12 9 4 1482 153
0 25 2 1525 158
36 20 2 1272 130
9 36 4 1538 167
20 38 1 1305 143
33 19 2 1297 144
36 31 1 1676 176
19 16 1 1445 154
31 38 2 1762 180
19 31 3 1324 139
16 35 1 1546 168
10 8 1 1048 117
31 25 2 1397 151
35 3 4 1686 182
28 18 3 1432 147
3 35 1 1822 188
18 25 4 1474 153
35 5 1 1881 197
35 2 2 1882 193
18 4 1 1227 135
27 15 2 1444 155
2 12 1 1933 199
15 15 4 1556 162
4 36 3 1178 127
12 16 4 1993 203
36 33 2 1275 133
16 5 3 2032 208
16 23 3 2032 208
33 31 3 1333 142
23 39 4 2081 212
36 26 1 1501 154
31 35 3 1424 154
39 20 1 2127 220
26 30 3 1545 161
23 21 2 1437 156
5 19 2 1156 127
30 22 3 1613 166
19 9 4 1275 136
22 23 4 1664 178
9 29 2 1362 140
5 30 2 1155 126
29 16 2 1406 148
29 13 4 1403 147
30 24 4 1262 133
15 5 3 948 106
13 8 2 1474 158
16 39 1 933 104
5 6 1 1066 120
8 34 4 1587 167
39 27 3 1041 108
6 39 4 1205 130
1 16 3 898 100
1 23 1 895 95
16 6 2 1001 104
23 3 1 953 105
6 7 1 1048 118
19 37 1 948 108
7 38 1 1183 124
37 1 4 1084 118
38 11 2 1245 136
1 20 3 1187 130
11 11 1 1362 143
25 15 2 937 105
25 32 3 933 100
15 34 1 1056 113
32 8 1 1007 109
34 7 1 1132 116
8 30 2 1092 115
6 29 1 1151 123
30 17 3 1151 117
5 1 3 1235 132
13 11 1 1214 132
17 16 1 1175 128
17 28 1 1171 121
13 32 4 1213 129
16 34 3 1288 138
39 13 2 858 98
32 39 1 1001 109
20 38 2 1014 106
33 16 3 1077 116
38 14 1 963 100
16 26 3 1168 129
14 1 1 1005 107
14 17 1 1004 107
1 12 4 1072 110
17 3 1 1074 113
21 35 2 871 94
12 25 3 1107 120
35 10 4 941 96
25 17 4 1207 135
10 19 3 968 110
17 37 1 1356 142
0 0 2 882 92
0 20 2 883 94
0 33 4 923 100
20 3 3 947 104
20 5 3 942 102
11 33 1 1117 124
3 9 3 1041 108
33 14 3 1243 132
1 18 3 821 88
9 31 1 1083 116
14 21 1 1326 141
18 38 4 883 94
21 16 2 1411 145
13 20 3 1038 118
38 38 3 944 102
6 38 4 1093 118
20 35 2 1186 129
20 15 4 1181 123
6 28 4 1092 112
38 33 3 1026 114
6 36 3 837 94
6 18 4 833 91
35 30 1 1294 139
35 14 2 1291 137
9 29 1 1024 111
28 31 4 1128 124
9 32 1 1027 110
30 7 4 1391 147
2 1 1 1317 142
32 17 1 1108 126
7 21 2 1471 149
1 35 4 1421 149
1 6 1 1422 149
35 21 2 665 76
21 7 1 1498 162
35 15 1 1491 155
35 3 3 666 74
7 15 3 1624 174
15 16 2 1558 164
15 7 3 1745 184
16 18 2 1644 174
16 33 3 1645 171
7 36 2 1841 192
16 0 4 1244 134
36 30 4 1923 202
0 9 4 1345 140
30 29 1 2027 216
31 35 4 568 65
31 13 2 1054 114
29 9 2 2165 225
13 36 2 1141 116
9 34 4 2252 229
36 2 4 1161 123
34 16 3 2297 243
2 2 4 1231 125
0 8 2 982 101
2 29 3 1252 131
8 21 1 1017 116
0 16 4 985 111
21 4 2 1161 123
21 36 2 1163 122
16 10 2 1116 120
5 30 1 965 104
36 16 3 1226 131
5 15 1 967 104
16 15 4 1318 142
15 0 4 1048 117
15 9 4 1044 114
12 32 1 861 89
12 8 4 868 96
0 0 4 1176 131
9 12 2 1147 123
15 38 1 1421 147
15 35 1 1427 151
12 29 4 1235 131
30 23 1 1044 110
29 16 4 1314 136
30 21 2 1048 113
16 4 2 1364 146
16 32 3 1368 150
4 19 3 1466 160
32 27 1 1503 157
19 24 1 1606 170
27 18 4 1577 171
24 13 2 1701 179
18 15 2 1713 181
10 10 3 1205 128
18 9 2 1718 183
4 15 2 1236 133
9 34 4 1832 186
16 9 2 1113 118
15 10 2 1337 144
29 8 2 1313 138
10 24 1 1446 157
8 9 4 1381 140
29 33 3 1314 137
24 39 2 1577 167
8 36 2 1018 117
16 16 4 2437 252
16 20 4 2431 249
9 7 3 1403 150
2 8 4 1236 136
7 38 4 1505 157
34 24 3 2298 240
38 2 2 1571 162
36 24 2 1163 126
2 37 3 1621 168
24 17 1 2408 256
9 18 4 2254 230
13 35 3 1141 122
24 8 1 1267 135
18 30 3 2301 233
17 32 1 2565 263
35 35 3 651 67
9 7 2 1406 148
9 5 2 1408 151
30 34 3 2336 240
30 39 4 2336 240
30 4 3 2023 208
0 23 2 1347 143
33 35 3 1716 180
35 24 2 1227 131
18 33 3 1748 185
34 36 2 2406 248
32 25 2 2635 270
4 34 2 2084 220
7 21 3 1841 190
23 26 4 1434 155
15 21 3 1747 185
3 1 1 746 87
15 4 2 1558 167
36 17 2 2484 257
21 6 1 767 86
33 14 4 1853 195
4 37 4 1673 172
6 11 3 1494 157
25 28 1 2708 283
6 14 3 1493 155
17 35 2 1262 134
17 21 1 1265 137
1 6 3 873 98
29 0 3 1115 119
32 31 4 1108 122
31 38 3 1243 128
14 1 4 1951 202
6 19 4 867 101
6 35 4 866 93
14 38 1 1378 150
19 35 3 1014 108
30 3 3 1397 151
35 17 1 1345 145
18 14 4 916 101
36 6 4 948 104
28 26 1 2835 292
38 36 3 1285 140
33 23 4 1145 122
6 15 3 983 108
0 31 4 1198 132
15 13 4 1232 131
38 21 1 1182 128
38 9 2 1184 126
26 8 1 2922 299
38 29 1 1024 108
16 5 4 1456 157
15 22 3 1086 115
31 31 4 1326 144
38 36 4 941 96
21 22 4 1411 147
31 22 4 1168 128
13 17 4 1311 136
31 0 1 1162 120
8 6 1 2997 309
9 12 3 1083 113
29 35 1 1081 114
5 26 3 1022 105
33 15 3 1005 110
36 26 2 961 99
0 29 1 926 101
37 18 4 1426 156
37 8 2 1428 154
19 20 4 1104 120
19 8 1 1107 120
10 1 1 968 110
13 11 3 1316 138
25 34 4 1201 129
1 24 2 1108 126
35 6 3 944 101
3 19 3 1133 124
18 14 3 1562 162
17 22 4 1075 119
1 15 3 1076 121
26 4 3 1294 136
16 17 2 1168 130
38 11 3 1063 115
13 23 3 983 105
39 31 4 1098 121
13 33 2 983 103
34 13 4 1385 147
32 32 4 1296 143
34 22 1 1297 142
28 8 1 1211 130
28 18 2 1213 129
11 14 2 1328 146
19 23 4 1245 136
1 15 1 1326 145
29 26 4 1233 134
22 18 4 1195 132
29 39 1 1231 132
30 3 2 1152 124
7 28 2 1161 125
8 15 2 1091 115
3 12 2 1241 132
34 5 2 1134 119
32 24 3 1008 114
15 21 1 1055 112
11 3 2 1431 152
20 23 3 1302 139
20 30 1 1305 137
11 28 2 1366 145
1 15 3 1188 130
38 39 1 1247 136
37 25 4 1085 121
39 31 1 1365 142
39 17 3 1362 140
31 37 2 1422 146
3 35 4 1058 121
6 1 4 1044 112
23 7 2 952 102
39 26 4 1302 137
7 1 1 1024 113
16 21 4 1005 109
27 37 4 1085 121
34 3 1 1678 177
6 18 1 1206 133
3 35 4 1777 191
8 4 4 1586 166
5 8 4 1063 117
4 11 3 1664 177
24 30 1 1334 144
13 7 4 1474 154
16 30 4 1488 158
30 17 1 1265 139
23 15 2 1784 185
23 24 4 1781 186
9 36 4 1361 143
22 21 1 1664 176
15 21 3 1854 191
21 10 1 1564 161
30 22 1 1617 175
20 21 3 2201 225
20 32 2 2208 230
35 4 2 1544 166
26 22 3 1546 165
23 7 1 2088 224
5 38 2 2085 217
33 25 4 1338 146
36 10 1 1277 136
15 5 2 1625 171
25 14 2 1464 157
10 23 3 1367 144
12 4 3 1997 212
15 23 1 1557 166
4 29 2 1351 138
2 21 1 1931 198
25 22 1 1538 168
5 27 2 1974 208
25 29 1 1535 160
3 24 3 1822 189
25 15 4 1515 159
8 28 4 1174 125
38 24 4 1802 187
16 18 2 1542 161
31 28 1 1763 186
19 13 3 1446 155
38 8 4 1434 151
25 27 4 1588 170
34 24 3 1582 161
0 17 1 1521 161
20 10 2 1452 150
4 1 2 1471 150
26 12 1 1311 140
5 19 1 1295 139
33 21 4 1666 178
19 2 4 1398 154
17 2 2 1932 202
21 15 4 1536 162
3 0 3 1911 200
22 31 4 1895 201
4 20 2 1421 144
7 14 1 1273 136
31 7 2 1224 128
31 10 4 2018 214
11 5 3 1598 169
27 33 2 1485 156
27 25 2 1481 150
14 37 3 1658 179
25 1 2 1505 161
27 14 3 1548 164
30 31 3 1298 144
6 0 1 1386 146
37 36 4 1198 130
31 24 1 1447 153
0 17 3 1462 149
31 14 3 1203 129
24 19 1 1536 167
14 24 4 1466 156
23 31 3 1313 135
7 26 4 1394 148
19 32 2 1205 133
33 29 3 1206 133
24 38 2 1417 149
37 25 1 1093 120
29 34 1 1901 196
29 10 3 1906 202
6 12 1 1153 126
4 31 2 1631 171
17 5 1 1845 191
24 32 3 1555 166
31 20 1 1715 182
5 34 2 1748 183
27 39 1 1102 116
7 26 1 1633 167
14 31 4 958 109
14 33 4 953 105
18 37 1 1384 148
15 18 1 2066 218
15 11 4 2064 217
4 12 2 1256 132
33 32 1 2027 213
35 37 1 1147 126
22 13 3 1348 145
30 15 4 1932 201
4 18 2 1235 135
15 0 4 1837 192
21 18 1 1116 124
3 39 2 1782 182
3 24 2 1782 185
21 1 4 1258 140
39 20 1 1821 191
12 34 1 1421 144
4 11 2 1573 161
31 38 2 1408 150
24 26 1 1408 151
29 34 3 1215 127
35 18 2 1278 137
27 18 4 971 106
27 37 1 1303 137
18 4 3 1063 111
18 16 3 1068 118
7 17 1 1241 130
27 37 1 1281 131
27 0 1 1283 136
8 36 4 1267 139
22 15 4 1443 155
28 36 2 1302 135
7 35 1 2055 216
7 1 4 2058 218
36 11 4 1296 141
36 35 3 1298 143
12 33 4 1931 202
11 4 3 1176 126
19 36 2 1774 187
24 3 2 1152 124
15 16 4 1152 121
15 11 4 1156 125
38 33 4 1617 169
0 29 1 1101 115
6 29 2 1291 134
17 32 4 1526 164
23 31 4 1174 126
36 9 3 1415 150
37 1 4 1881 194
12 23 2 1231 128
37 15 4 1885 197
1 16 4 1941 196
22 1 2 1831 190
36 29 2 1677 175
11 11 2 1734 183
11 39 4 1737 184
13 33 2 885 99
25 0 3 1075 120
25 37 4 1078 118
32 28 2 1323 142
15 27 2 1582 162
33 27 4 943 98
6 27 1 1491 158
27 11 3 983 109
12 16 4 994 106
12 28 3 992 106
19 3 3 1294 139
2 26 4 1424 151
8 9 4 1144 126
20 2 2 1311 136
10 22 3 1195 126
16 11 1 1181 123
3 26 2 1394 150
26 7 1 1516 165
16 36 4 1181 127
7 3 3 1112 119
21 7 3 1513 157
25 33 2 1255 132
7 9 1 1182 121
20 12 2 1438 153
31 30 1 1381 146
31 6 3 1384 147
17 38 4 1334 142
23 33 1 1321 137
30 22 4 1461 155
19 16 3 915 99
22 32 4 1554 161
38 34 4 1426 153
13 30 4 932 101
8 36 1 1545 160
24 16 3 1375 145
24 12 2 1377 152
32 35 3 1425 154
21 38 1 1332 136
8 13 1 1294 140
12 33 3 1524 159
23 11 3 1283 138
13 33 4 1201 128
23 28 4 1153 125
1 21 1 1094 115
28 6 3 1251 129
10 8 3 951 99
35 32 4 1544 160
23 11 1 1002 110
22 29 3 1327 144
9 15 2 1406 149
15 14 1 1222 126
1 14 2 1281 137
25 16 1 1026 112
21 33 1 1151 119
32 5 3 1067 120
36 9 1 1117 125
27 33 4 885 94
21 24 1 998 112
11 6 1 1714 181
9 2 2 1083 119
9 33 3 1087 116
12 34 1 1161 123
18 13 2 1123 123
29 38 1 1472 157
24 34 1 1033 113
14 25 1 961 103
34 38 2 1137 128
14 6 1 967 110
35 2 1 906 98
13 27 1 1396 146
6 0 1 1105 121
13 2 4 1394 151
0 22 2 973 108
17 35 2 1327 141
21 35 2 1153 122
21 4 1 1155 127
9 11 1 1235 129
23 39 3 1143 123
25 39 3 1052 113
4 0 4 1271 130
23 17 4 862 89
15 9 3 743 82
20 29 4 736 80
20 31 1 736 80
9 21 2 826 92
17 21 4 895 99
17 38 2 891 92
39 24 3 1137 126
0 28 4 1301 139
0 17 2 1306 140
39 19 3 1238 134
11 30 1 1293 136
35 26 4 1416 150
35 0 2 1228 136
22 31 4 1086 115
22 38 1 1087 117
2 14 1 1513 157
2 37 3 1511 156
38 11 4 1176 130
0 23 4 1214 133
2 39 4 988 110
27 12 3 1463 150
38 0 1 1285 138
6 33 4 1106 124
12 18 1 1506 160
25 27 1 1033 113
25 33 4 1032 113
34 20 1 1135 122
38 17 3 1577 168