0 8 3 07 10
0 44 3 04 5
8 28 2 108 19
8 5 2 101 13
28 38 3 193 24
5 32 3 138 29
5 29 4 137 28
32 40 3 297 42
29 21 1 285 40
38 46 1 244 33
28 48 2 193 25
44 18 2 56 18
46 45 3 332 41
44 27 3 53 15
45 23 4 414 47
27 41 4 156 25
23 15 1 473 54
18 31 2 181 20
41 10 3 254 32
48 28 4 253 34
31 36 3 203 30
46 41 4 335 40
36 7 4 303 38
41 23 2 405 53
7 47 4 384 47
23 27 2 535 61
47 32 4 471 51
47 38 4 475 53
32 13 4 511 54
21 40 3 407 52
13 12 2 548 70
40 27 4 527 62
12 45 3 702 73
27 48 4 627 71
21 27 4 401 48
40 29 3 422 45
27 29 4 487 62
40 1 1 427 52
29 37 2 628 78
29 9 4 453 54
37 44 2 782 83
27 3 2 486 57
48 43 2 713 79
45 26 4 737 85
27 45 1 625 74
12 21 4 704 81
26 48 1 858 94
38 31 2 534 59
27 24 4 612 66
23 11 3 532 58
7 6 3 386 49
11 37 2 582 61
41 24 4 406 48
37 38 3 618 73
24 18 1 483 59
36 27 2 306 42
18 26 1 592 68
27 16 2 428 57
26 29 4 681 70
28 1 3 348 45
10 4 2 326 39
1 10 1 451 48
4 8 3 393 47
15 43 1 541 61
41 30 4 251 28
43 14 4 614 71
23 49 4 472 50
14 9 3 718 80
49 4 2 506 59
27 42 4 152 18
4 22 1 598 73
42 6 1 183 24
22 26 3 738 85
6 16 4 247 33
26 8 3 853 89
16 40 4 331 42
8 15 2 896 99
22 23 4 738 88
40 17 1 422 48
23 15 2 882 94
17 25 4 483 52
9 13 2 806 89
25 3 4 523 56
13 14 1 891 92
49 25 2 507 59
14 49 1 925 100
30 23 3 282 35
43 0 1 616 75
8 49 1 476 56
8 40 3 478 62
49 49 1 566 66
10 38 4 487 57
4 8 1 398 54
1 0 2 453 49
29 37 3 704 79
16 33 3 574 63
37 15 1 793 90
16 9 1 572 63
27 7 1 426 49
9 41 3 635 69
38 14 2 734 83
41 12 4 697 80
14 7 4 838 99
6 42 3 493 57
6 36 2 495 59
42 30 1 577 67
36 13 2 593 68
30 2 2 672 73
13 32 4 682 73
2 30 3 737 83
24 34 4 666 78
31 49 3 594 71
48 0 1 947 104
49 30 3 715 77
0 33 2 1043 110
0 37 3 1041 110
33 16 2 1104 122
48 1 4 942 99
21 32 3 812 88
45 18 1 744 79
32 7 4 886 96
26 47 2 852 93
7 16 1 963 103
43 40 2 793 84
3 29 1 572 61
3 30 3 572 60
29 28 3 614 69
9 36 4 545 66
44 20 2 831 89
9 33 3 547 69
20 29 1 894 100
1 42 1 522 61
33 18 2 698 79
42 32 4 613 70
1 12 1 525 63
18 32 3 794 90
18 22 3 791 84
29 18 1 1002 105
33 20 4 694 81
20 24 2 893 93
36 25 1 666 77
20 29 3 813 86
36 34 1 668 78
28 48 4 692 76
28 13 1 692 73
30 26 1 601 67
30 2 3 607 71
26 39 2 671 76
2 24 2 717 81
29 7 1 613 68
39 37 2 767 90
7 17 4 683 73
37 21 4 902 93
40 20 3 841 93
16 23 3 1036 117
21 9 4 934 102
20 6 1 933 104
23 27 4 1174 125
9 7 4 1025 109
47 47 1 937 105
7 9 1 1095 121
47 23 1 938 102
18 7 1 796 86
1 8 1 997 110
16 29 2 1222 128
16 4 3 1226 134
8 33 3 1102 113
37 24 3 1103 117
33 38 4 1138 127
33 19 4 1134 123
38 20 3 1274 136
37 49 2 1103 118
20 21 4 1364 148
49 28 4 1184 128
21 32 1 1486 161
28 39 2 1281 136
32 1 1 1611 169
30 11 1 777 86
49 15 2 713 82
11 1 2 866 95
34 44 4 784 86
30 43 3 837 95
15 7 1 822 88
30 27 3 834 94
32 35 4 735 85
43 30 3 952 102
2 32 2 731 76
35 13 1 853 90
13 24 3 683 79
36 24 4 592 69
7 36 2 993 104
24 13 4 695 76
7 10 4 995 110
13 48 4 766 83
12 47 4 806 89
41 0 4 697 77
48 34 2 832 93
47 36 3 895 97
0 43 2 773 82
34 16 2 932 98
43 5 4 827 90
7 39 4 491 57
16 24 4 986 108
5 5 2 908 104
39 13 4 573 68
7 42 4 492 58
24 42 3 1084 118
13 18 4 685 79
42 37 3 583 65
9 39 4 637 75
42 18 4 1185 129
13 10 1 683 77
42 11 3 1184 128
15 4 2 905 99
11 23 3 1281 134
33 44 4 632 70
4 19 1 993 108
23 12 4 1343 145
19 27 3 1087 118
33 11 4 635 73
37 13 4 791 81
0 14 1 496 56
8 8 3 541 61
14 5 1 562 62
8 0 2 617 73
5 36 4 624 70
0 47 3 738 89
38 41 4 573 66
36 11 1 705 80
49 30 1 662 75
49 16 1 662 76
40 47 2 624 70
49 11 1 566 70
16 32 4 764 88
11 21 3 704 75
0 32 1 754 85
21 38 2 755 84
32 23 1 858 96
38 16 4 842 89
0 42 2 751 77
23 9 4 356 45
42 43 1 773 87
9 27 1 454 56
49 48 1 1005 113
43 40 4 871 93
25 35 1 595 69
40 12 4 935 101
12 10 2 1017 113
3 49 2 563 60
13 34 3 894 101
25 2 4 523 58
15 42 3 948 108
49 2 2 605 73
42 10 4 1087 121
15 15 1 942 97
2 22 4 588 69
15 21 3 972 103
17 22 3 482 52
15 2 1 994 104
8 18 3 897 101
21 31 2 1035 112
16 39 3 338 44
22 42 2 692 74
26 24 1 857 98
31 32 1 1122 117
24 36 1 982 102
42 13 3 742 81
32 26 4 1173 123
6 49 1 244 30
36 23 3 1021 110
26 37 2 1233 130
13 41 2 815 93
36 10 4 1027 110
24 39 4 987 107
42 9 1 745 82
41 31 2 937 105
39 7 1 447 53
18 8 1 1013 109
9 2 3 822 85
22 7 1 698 80
2 0 3 1045 110
31 18 3 1054 111
22 34 1 528 67
39 12 2 445 53
2 24 3 853 96
18 16 1 1017 109
7 17 3 808 96
22 4 4 524 59
7 16 2 808 90
10 8 2 1218 134
4 33 3 592 66
2 30 2 731 76
34 1 3 678 78
2 19 4 583 69
17 31 3 962 99
34 27 1 1017 113
7 36 3 532 62
16 2 4 902 98
10 31 3 1135 119
33 12 2 663 74
10 18 1 1136 123
12 45 2 1013 108
35 16 2 696 77
8 15 4 1346 143
40 44 1 932 98
48 28 4 1138 129
48 0 1 1135 122
36 47 4 626 72
27 21 1 567 69
31 46 4 1198 134
43 28 1 874 99
18 6 4 1238 136
9 40 3 456 54
16 40 4 896 97
2 32 2 983 108
31 41 2 996 108
23 11 4 963 107
28 31 4 1297 139
38 44 3 847 99
32 10 3 1083 117
40 21 3 546 63
6 11 3 1366 148
21 7 2 753 80
11 1 1 1077 122
12 8 4 741 83
32 31 4 883 92
11 2 4 707 84
47 15 2 701 76
44 5 3 998 108
15 33 4 768 90
47 1 3 708 79
30 49 3 756 83
33 38 3 902 94
30 13 3 756 84
8 36 3 837 98
11 41 3 806 93
41 14 3 668 75
47 46 2 893 95
47 0 3 897 99
36 21 1 702 75
13 46 1 843 95
0 45 4 998 108
0 19 2 734 81
5 32 3 623 66
14 47 4 563 63
19 45 2 816 92
13 25 3 811 90
46 49 4 953 100
49 17 1 1003 108
45 44 3 1088 120
13 0 3 812 85
46 14 4 957 108
0 18 1 854 91
11 12 1 735 79
47 38 2 637 75
11 20 1 734 83
27 36 3 1188 133
27 16 2 1182 123
17 35 2 1082 114
44 25 3 1204 130
16 6 1 1238 138
12 14 1 1451 147
25 42 1 1303 138
36 32 1 1332 141
19 32 2 1085 115
44 23 1 704 78
4 3 4 996 106
11 25 3 1283 136
10 30 2 774 85
6 29 4 1388 151
32 13 4 1414 152
39 25 3 754 80
25 32 4 1364 146
25 5 2 1368 151
30 45 2 858 95
29 10 4 1516 159
13 8 1 1525 158
45 38 2 956 102
39 26 2 757 88
18 27 3 1293 138
37 35 1 658 80
38 10 3 1028 111
18 39 3 793 89
5 10 2 1516 159
8 43 1 1588 167
5 34 1 1045 115
10 27 4 1596 170
24 2 1 1085 116
42 8 1 582 65
5 38 3 1043 114
5 0 1 908 103
16 20 1 986 111
0 5 4 1033 107
20 2 2 1113 120
20 23 1 1112 119
43 13 3 823 88
23 46 2 1192 127
36 28 4 977 109
13 32 4 888 104
46 9 3 1273 132
28 5 2 1091 115
36 15 3 977 110
34 25 1 932 99
47 31 2 891 92
5 27 1 1153 123
10 45 4 1106 121
15 6 3 1105 121
10 6 2 1105 123
36 26 2 1044 112
25 22 2 991 101
36 4 1 1048 120
31 18 4 922 95
27 5 4 1236 134
24 6 3 792 87
22 15 3 1017 115
13 2 4 908 103
18 0 4 953 102
6 44 4 1234 134
6 23 4 876 100
22 48 4 1018 111
15 0 3 1157 127
13 4 4 901 94
44 15 4 1342 139
32 29 2 761 79
23 15 4 1005 106
4 26 3 941 98
30 3 3 1022 111
15 6 3 1064 116
26 17 1 982 106
27 19 3 944 106
6 20 4 1163 127
7 38 2 885 94
44 12 3 862 93
20 41 1 1275 137
43 48 3 953 99
12 8 2 931 96
1 35 1 951 103
15 25 4 821 87
35 7 1 1038 115
1 14 4 1691 174
25 33 2 878 101
1 34 4 1694 176
33 40 1 1014 113
34 1 3 1764 182
34 31 2 1768 186
40 46 1 1132 121
39 20 2 1363 140
46 18 2 1216 132
32 45 2 1616 169
18 31 2 1324 139
45 46 4 1691 172
45 24 3 1696 181
21 36 4 1485 159
20 45 1 1366 147
19 23 4 1238 134
36 47 2 1597 169
24 48 3 1176 129
23 35 4 1344 143
48 11 3 1295 140
35 25 2 1432 149
4 22 3 1343 142
25 11 1 1497 159
4 39 2 1345 147
11 33 1 1598 171
29 32 4 1283 135
23 27 1 1023 107
32 21 1 1357 145
7 24 1 864 93
27 0 1 1075 120
21 1 1 1453 156
0 37 4 1203 127
7 34 3 865 96
37 44 1 1271 134
23 6 2 1025 112
9 27 1 1213 130
47 39 4 1058 117
27 45 4 1301 132
27 14 2 1307 138
47 2 4 1055 115
27 32 4 1252 130
2 29 4 1157 126
6 48 1 1046 115
32 27 2 1301 139
27 0 4 1253 129
9 21 2 1028 117
0 25 3 1292 139
21 5 1 1171 126
25 32 2 1392 148
25 14 4 1398 150
23 37 4 1174 127
20 38 2 937 104
14 28 1 1502 159
38 2 2 1044 112
38 0 3 1045 117
21 10 3 935 105
0 6 1 1175 126
17 20 4 734 81
37 8 1 906 101
24 19 3 816 93
8 23 1 1017 114