0 33 1 08 11
33 9 4 115 22
9 43 4 224 29
43 9 1 295 42
9 17 1 421 48
9 15 1 422 51
17 47 4 488 64
15 0 3 513 56
47 35 1 648 73
17 1 2 481 56
35 15 1 735 84
0 47 3 563 63
15 49 2 841 92
15 26 4 848 94
49 38 1 928 105
26 12 2 948 105
1 43 1 562 61
38 21 4 1052 114
1 35 1 564 63
21 11 1 1147 124
43 43 4 614 66
11 32 2 1247 138
12 7 1 1051 111
32 42 4 1388 151
7 37 4 1113 120
26 42 2 945 101
49 36 1 922 97
47 45 2 633 71
36 42 3 977 107
47 41 4 634 68
42 40 4 1078 116
45 40 4 715 80
36 40 3 977 112
42 45 2 1011 105
42 42 1 1011 103
45 45 3 1051 110
37 33 1 1204 128
45 17 2 1103 117
33 27 4 1287 136
42 4 3 1513 156
27 40 1 1364 142
43 9 4 665 78
35 26 2 635 73
35 24 3 632 66
9 7 3 784 87
24 36 4 664 75
26 27 1 737 85
36 34 3 757 89
40 11 1 1428 151
40 21 2 1427 157
11 35 2 1514 162
4 25 1 1566 170
35 29 3 1622 166
25 19 4 1708 183
4 3 4 1562 164
27 39 1 1362 145
3 7 1 1643 170
39 6 4 1456 154
7 32 1 1706 184
6 35 4 1542 157
32 34 4 1844 195
35 26 3 1573 167
17 3 1 1172 124
26 42 4 1677 176
3 27 2 1241 127
17 14 3 1171 123
33 18 3 1286 141
14 19 3 1237 136
18 20 2 1416 150
45 44 1 1103 114
20 19 4 1502 153
42 29 4 1037 115
40 15 3 1123 119
29 20 3 1154 120
15 42 3 1195 127
20 8 3 1201 128
40 7 2 1127 126
40 41 4 805 90
40 17 1 807 91
40 42 2 1164 124
17 11 1 917 101
40 39 3 1164 127
41 5 1 684 80
41 30 4 684 77
39 14 1 1274 132
39 32 2 1272 137
14 19 2 1325 139
11 20 2 1016 112
19 9 2 1398 150
20 4 3 1126 120
11 17 4 1014 111
42 18 1 1248 136
17 45 3 1114 121
42 25 2 1247 133
41 42 3 903 101
25 1 3 1335 143
42 19 3 1014 112
1 20 1 1436 152
41 37 4 905 99
20 7 2 1521 160
7 44 1 1265 136
7 9 1 1601 163
7 45 4 1264 132
9 42 2 1637 171
45 19 1 1321 134
8 8 3 1286 136
19 8 2 1341 142
8 40 1 1287 139
42 49 1 1275 140
40 38 3 1391 145
49 44 2 1405 152
38 27 1 1454 155
44 19 2 1525 161
27 15 1 1558 168
42 13 1 1277 136
15 29 4 1192 124
13 6 1 1363 143
29 28 4 1244 133
6 27 4 1435 152
28 17 2 1333 144
19 40 4 1536 166
17 22 2 1443 152
40 49 2 1665 172
19 35 3 1535 163
49 28 3 1728 182
35 47 2 1635 176
28 8 2 1826 194
8 45 2 1941 200
44 32 2 1141 122
45 29 3 2001 202
45 30 3 2001 203
44 23 1 1144 122
29 27 4 2027 214
30 39 3 2035 213
27 39 2 2147 225
39 1 1 2131 218
20 18 4 1501 156
39 20 4 2253 233
18 21 1 1562 166
19 25 1 1363 145
19 1 1 1367 151
18 24 1 1416 154
14 13 3 1237 132
24 22 2 1544 160
13 24 1 1324 143
22 32 1 1601 164
27 36 4 1277 141
42 34 1 1761 178
36 0 4 1413 147
26 5 2 1676 175
0 40 3 1476 161
5 15 2 1752 179
34 45 2 1952 200
34 10 2 1951 199
35 39 2 1577 171
45 35 3 2004 207
32 35 3 1848 198
39 14 3 1714 177
6 41 2 1545 164
7 26 4 1706 180
39 35 1 1457 156
26 31 4 1801 182
3 9 3 1642 170
31 45 1 1822 189
19 22 1 1838 199
19 6 3 1836 195
22 13 4 1992 203
6 44 2 1951 204
13 32 2 2034 211
44 36 4 2045 212
32 34 4 2112 215
29 26 2 1663 176
34 5 4 2153 226
25 12 2 1707 183
5 40 1 2263 237
12 30 2 1835 194
21 28 1 1572 161
30 13 4 1948 204
28 10 2 1618 174
21 40 4 1571 162
10 15 2 1745 181
34 10 4 893 93
15 27 1 1811 183
10 34 3 932 97
27 8 4 1833 189
27 2 2 852 95
7 8 2 871 94
2 33 1 958 105
8 43 4 1892 195
34 38 2 973 101
27 18 3 1834 188
38 1 4 1013 107
10 48 1 934 99
1 49 3 1076 117
40 22 3 1627 172
40 37 1 1625 168
49 14 2 1178 126
10 17 4 1748 188
13 39 4 2043 213
13 48 3 2043 209
39 2 1 2133 217
28 27 3 1618 176
40 18 2 2371 239
27 36 2 1768 189
40 6 4 2375 249
36 7 4 1892 197
5 48 1 2263 231
26 34 4 1768 190
26 5 1 1767 185
34 2 3 2153 221
5 20 3 1854 197
36 3 4 2123 217
32 26 4 2118 222
44 22 3 2048 214
13 39 2 2033 207
22 31 2 2148 228
39 28 3 2075 217
6 19 4 1953 205
28 31 3 2174 222
19 9 3 2054 216
45 23 4 1896 200
45 32 3 1897 197
9 27 2 1704 178
32 18 1 1978 206
9 37 4 1701 178
18 43 4 2062 211
37 31 1 1781 181
43 3 2 2116 221
35 19 3 1564 163
3 24 2 2211 225
19 27 3 1631 168
24 4 3 2255 233
27 43 4 1681 173
35 43 1 1563 160
26 17 2 1803 184
43 26 2 1604 169
41 7 1 1643 169
41 14 1 1646 171
14 7 4 1773 182
35 21 1 2072 212
35 8 1 1983 202
21 20 3 2127 225
8 38 3 2023 208
39 28 1 1716 182
38 10 3 2085 221
38 25 3 2083 218
10 13 4 1994 210
10 19 4 1994 209
19 8 2 2094 221
45 6 4 2008 214
15 13 2 1792 184
6 35 4 2148 229
13 2 4 1844 191
35 21 3 2298 244
35 10 3 2291 234
15 41 3 1792 189
40 35 2 1615 172
41 43 2 1894 198
35 12 2 1722 177
43 15 4 1987 213
40 2 1 1614 172
15 22 3 2133 218
5 25 3 1757 189
0 1 1 1474 158
22 46 2 2186 226
1 7 1 1587 166
46 5 1 2261 235
34 13 1 1785 185
7 19 1 1664 178
32 15 1 1645 174
24 20 1 1432 147
15 33 4 1746 187
20 33 4 1477 155
33 29 1 1876 196
22 7 3 1601 168
29 10 2 1966 205
7 1 2 1682 171
7 23 4 1684 178
1 2 2 1716 179
1 7 4 1516 158
25 45 4 1451 153
21 29 2 1665 174
45 16 1 1534 165
21 49 1 1666 175
20 8 2 2334 240
20 40 4 2331 236
8 26 3 2405 246
1 44 2 2187 230
39 39 2 2252 233
44 16 2 2303 240
39 5 1 2131 218
16 5 4 2407 250
23 24 1 1222 132
5 19 4 2183 227
5 6 2 2505 256
32 14 3 1228 134
19 26 3 2273 235
8 18 2 1945 203
47 23 2 1763 183
47 43 4 1763 182
28 31 4 1828 191
43 0 2 1825 193
49 4 4 1723 183
0 49 2 1935 202
4 42 3 1836 192
4 26 1 1836 194
49 5 4 2025 212
42 19 3 1922 200
26 18 3 1946 207
22 41 1 1523 163
40 16 3 1663 176
41 38 1 1632 172
16 23 2 1768 186
23 31 4 1866 195
17 43 1 1448 153
27 12 2 1526 166
43 23 2 1538 167
12 17 3 1661 172
23 46 2 1674 176
27 9 3 1525 165
28 24 4 1333 137
6 41 1 1432 147
9 3 4 1653 170
29 34 2 1241 126
3 1 3 1705 178
13 40 3 1367 150
15 32 4 1687 179
3 8 3 1708 186
19 17 2 1618 177
40 14 1 1501 156
17 0 4 1778 186
17 45 4 1774 184
0 25 4 1861 191
27 37 4 1556 169
45 2 3 1844 194
25 36 1 1913 198
38 6 3 1454 155
2 26 2 1948 210
6 44 4 1555 168
26 31 2 2108 220
44 45 1 1686 178
31 27 2 2207 232
49 20 2 1402 148
8 12 3 1427 157
8 18 1 1425 155
12 49 3 1572 163
12 42 2 1578 170
8 35 3 1366 150
8 47 1 1363 145
19 37 1 1342 144
42 22 3 1713 177
45 3 2 1325 144
37 2 1 1445 154
9 39 3 1632 167
44 39 3 1361 145
7 19 3 1606 174
37 44 1 997 109
20 23 1 1524 157
19 45 4 1121 121
39 19 1 1676 175
19 42 4 1122 118
19 37 1 1747 182
1 35 4 1435 153
44 26 2 1093 116
23 27 2 1575 170
42 49 1 1015 112
19 24 4 1757 184
42 16 4 1181 121
23 38 2 1573 164
25 4 1 1336 140
45 48 1 1217 134
37 9 1 1821 189
26 43 2 1166 129
49 6 3 1128 121
18 12 1 1361 144
24 42 3 1841 187
48 44 4 1347 144
17 33 1 1115 123
4 5 2 1402 145
4 17 4 1207 129
9 34 2 1505 161
12 0 1 1443 152
20 7 2 1124 123
42 34 3 1878 203
32 7 4 1374 146
38 19 3 1645 171
33 45 2 1238 136
30 3 3 771 82
5 17 1 803 89
5 8 4 1454 152
45 21 2 1367 145
17 11 2 1296 140
21 49 2 1455 152
6 40 1 1214 131
11 10 3 1404 149
40 12 1 1312 136
12 8 2 1365 149
12 29 4 1366 148
8 2 1 1497 157
8 40 1 1491 158
29 27 1 1487 163
2 34 1 1575 165
40 1 2 1588 168
34 9 4 1657 178
34 46 3 1616 175
1 21 2 1687 182
1 24 1 1682 173
46 13 4 1753 181
21 49 2 1823 190
0 2 2 1523 161
19 33 1 1712 177
2 11 3 1612 165
33 14 3 1775 183
11 15 1 1655 173
14 47 3 1837 196
7 46 1 1238 139
15 5 1 1732 181
12 47 2 1445 153
7 32 2 1235 131
34 40 1 2033 213
43 7 1 1293 140
7 26 4 1404 147
7 24 1 1466 153
26 0 1 1478 156
19 28 1 1713 181
24 17 3 1537 168
24 13 2 1532 163
17 26 2 1682 175
7 37 2 1461 149
13 21 2 1631 169
33 42 4 1234 129
21 20 1 1693 176
44 34 3 1447 154
34 39 1 1545 160
44 44 1 1444 152
39 14 3 1608 169
39 26 3 1602 168
44 39 4 1526 164
14 35 1 1696 179
17 15 4 1295 138
43 25 2 1296 143
9 44 1 1895 198
25 1 2 1432 147
44 6 4 1981 205
44 3 4 1986 205
6 29 2 2056 218
3 42 4 2054 215
9 15 2 1893 195
42 17 1 2158 227
48 36 2 1348 148
27 44 1 1704 179
17 34 3 2274 234
35 36 3 1536 167
34 11 2 2347 244
16 39 1 1213 131
24 29 1 1841 193
11 29 4 2441 249
4 45 4 1405 152
29 5 2 2498 262
45 32 1 1528 164
5 40 2 2625 272
32 27 4 1646 173
32 44 4 1644 172
40 39 2 2727 283
27 40 1 1705 181
27 35 3 1736 184
40 39 3 1815 192
35 4 1 1843 193
39 23 1 1926 200
49 6 2 1124 119
4 14 1 1938 209
26 38 2 1166 123
16 30 4 1213 126
19 7 4 1754 181
45 32 1 1214 130
37 6 4 1822 192
32 15 2 1305 143
3 35 3 1446 155
39 19 1 1456 156
35 18 3 1551 161
22 18 4 1771 180
39 26 4 1456 155
39 18 4 1671 175
47 19 4 1455 155
18 38 2 1758 189
19 20 4 1558 168
44 14 3 1097 120
49 24 1 1638 178
14 1 3 1203 125
24 1 3 1788 187
2 7 1 1548 169
35 21 4 1506 163
1 36 3 1873 191
18 36 4 1558 171
20 22 3 1484 157
36 30 3 1912 196
35 16 2 1505 161
42 38 1 1704 178
27 20 1 2325 239
16 38 4 1611 164