0 18 4 05 9
18 24 4 92 19
24 44 1 192 26
44 20 4 265 36
44 24 2 267 39
20 28 1 367 44
24 49 4 396 50
28 12 4 444 52
49 45 1 501 53
12 36 2 525 59
49 31 4 501 53
24 16 3 393 48
31 30 2 534 62
36 8 4 594 71
45 33 1 536 63
12 35 1 528 67
33 9 1 638 78
35 0 1 678 78
9 34 2 786 89
9 13 2 788 87
34 0 3 891 91
13 20 4 872 90
0 36 3 785 84
20 21 1 903 95
36 17 2 843 94
21 17 2 955 107
33 1 1 633 67
8 33 2 712 78
8 44 4 715 81
30 1 3 627 77
44 12 4 814 86
1 23 1 776 86
12 19 3 866 93
30 2 4 625 72
16 5 4 487 61
31 29 2 533 64
2 14 4 722 76
29 13 4 644 75
19 11 3 934 99
19 9 2 931 100
11 11 2 996 109
23 2 3 865 94
23 47 4 863 92
1 0 1 773 86
47 36 3 924 102
0 6 2 868 98
0 20 3 868 95
6 3 1 983 104
6 43 2 987 113
3 5 4 1043 112
43 36 2 1137 121
44 43 4 817 91
33 20 4 786 88
33 6 2 782 85
43 32 2 914 100
1 40 2 678 80
1 3 2 674 78
17 19 1 1072 113
3 20 4 785 86
19 47 4 1135 126
20 14 3 862 91
47 35 4 1266 140
17 27 3 946 107
21 40 2 953 101
36 3 2 844 94
20 18 4 908 100
0 17 4 912 94
18 11 3 1008 112
13 34 1 877 102
11 37 1 1124 117
11 41 2 1125 120
17 44 1 943 104
18 34 1 1001 104
3 41 1 942 101
34 21 2 1047 113
40 1 4 1013 112
27 28 3 1071 111
35 15 2 1406 152
28 8 4 1114 116
14 6 3 918 105
8 35 2 1166 125
47 48 2 1266 138
35 29 1 1251 127
48 10 2 1383 144
20 45 4 865 95
10 15 2 1447 157
3 3 3 788 90
15 49 1 1578 169
40 19 4 807 92
49 30 4 1691 171
19 38 4 921 96
30 6 2 1712 174
38 18 1 962 106
6 3 4 1744 179
32 7 3 1008 116
6 3 2 857 97
7 19 4 1166 126
3 21 2 974 105
20 45 4 884 95
43 7 1 913 95
36 37 1 1213 126
7 2 3 955 105
5 14 2 1127 126
43 43 1 1138 127
14 40 3 1262 129
43 30 3 1273 135
20 40 3 956 106
40 4 2 1291 137
30 19 4 1357 146
36 30 1 1021 108
19 33 3 1468 160
30 26 1 1084 118
2 9 4 947 103
26 36 1 1186 131
11 17 1 1094 117
9 46 4 1005 113
9 39 3 1005 106
11 49 1 992 109
13 41 4 754 83
13 46 2 755 88
14 29 1 765 89
14 37 4 766 88
5 27 3 612 64
37 42 1 884 93
37 30 4 884 96
42 38 2 933 102
29 28 4 893 97
38 27 1 1023 112
46 5 1 887 101
27 5 1 1124 124
5 48 1 1018 112
46 13 4 886 100
48 21 2 1122 116
41 28 3 832 92
49 41 1 1092 114
28 40 1 923 96
41 13 3 1147 122
40 27 4 964 108
49 43 1 1093 120
39 33 2 1068 118
39 20 4 1065 112
17 36 4 1172 120
20 14 1 1121 118
36 39 1 1207 131
46 34 1 1131 118
17 26 2 1174 129
36 39 3 1317 145
34 46 1 1182 128
46 1 3 1288 142
9 24 4 1034 114
1 40 1 1428 154
33 14 4 1606 174
40 43 2 1548 165
30 18 1 1084 119
43 40 3 1656 174
18 47 1 1192 128
19 9 1 1467 156
4 19 1 1375 150
9 32 4 1567 165
19 20 3 1503 161
40 38 3 1068 120
38 46 4 1207 128
38 27 4 1204 125
40 29 2 1294 140
2 22 2 1051 114
29 3 4 1406 147
22 6 4 1143 124
3 2 3 1474 155
6 46 3 1241 128
37 26 1 1262 134
37 21 1 1262 129
26 32 3 1348 149
7 5 4 954 102
45 26 3 955 107
5 12 4 1027 115
21 39 2 1058 121
26 5 1 1074 113
21 2 4 1057 116
19 11 2 1266 138
12 3 1 1151 123
19 24 4 1261 135
11 37 1 1384 145
3 29 1 1237 133
7 15 3 1166 128
3 0 2 1798 195
18 48 4 1067 114
18 26 3 1064 118
0 11 2 1957 210
6 8 1 1745 186
26 38 1 1185 129
48 11 1 1146 125
0 34 4 1958 206
11 41 3 2104 218
30 46 3 1712 181
38 6 1 1296 142
3 43 4 905 101
34 20 2 2066 214
15 35 4 1572 160
45 45 3 951 98
6 48 1 1423 151
34 11 3 2064 213
29 6 1 1276 139
20 22 1 2147 226
48 31 2 1388 153
35 15 3 1252 129
6 4 4 1052 112
6 17 1 1051 114
6 10 1 1426 151
8 15 2 1162 121
15 2 1 1525 163
45 12 2 982 107
48 18 3 1511 160
15 24 2 1524 160
28 14 2 1115 123
1 15 1 1126 125
21 13 3 1131 116
15 9 3 1296 136
20 21 3 2145 226
18 49 3 1608 176
41 31 1 1017 110
10 10 4 1515 157
34 18 1 1041 108
44 40 2 1043 110
10 47 2 1572 162
18 48 3 1081 112
47 32 1 1621 164
44 39 1 1045 114
41 48 2 1202 124
37 32 3 1171 126
39 35 1 1141 119
37 13 4 1172 126
32 35 1 1261 130
34 15 1 1022 111
35 18 2 1305 139
15 24 1 1112 121
34 24 4 1026 110
24 3 3 1214 131
24 43 2 1108 120
3 12 3 1311 137
18 23 4 1393 147
18 21 2 1393 145
15 15 3 1118 126
13 23 3 1261 129
13 4 1 1263 133
35 16 1 1191 124
48 1 4 1248 137
4 9 2 1335 144
16 5 2 1245 131
39 17 1 1145 121
1 9 1 1371 145
17 8 3 1214 129
9 0 4 1453 151
8 15 2 1296 136
0 12 2 1513 159
32 4 2 1648 180
12 17 4 1598 172
32 33 1 1648 177
48 28 2 1123 123
33 18 3 1778 193
33 42 3 1773 184
48 23 3 1124 124
28 37 2 1238 136
23 28 1 1244 135
23 0 1 1247 137
47 0 1 1627 173
40 14 3 1105 122
0 44 4 1735 181
14 46 3 1225 133
14 26 2 1227 131
46 40 1 1337 147
10 1 3 1572 162
40 19 2 1471 153
31 39 3 1103 118
49 25 2 1762 182
15 4 2 1211 129
2 31 3 1637 172
4 31 3 1292 134
21 4 2 2266 234
18 31 3 1601 168
31 46 4 1724 181
4 37 4 2346 242
22 42 2 2262 231
37 16 3 2424 251
31 1 3 1532 163
42 24 4 2315 240
1 13 4 1638 172
12 48 3 1073 114
12 17 1 1073 112
24 8 1 1603 168
17 48 4 1124 117
17 35 2 1125 119
8 5 2 1681 173
14 40 4 1237 138
5 46 2 1736 187
15 40 3 1258 136
15 17 4 1254 134
9 23 4 1366 148
13 45 1 1161 118
17 4 3 1145 120
23 4 1 1485 156
17 37 4 1344 139
4 36 3 1127 120
4 26 1 1204 129
31 30 2 1532 163
36 22 4 1203 128
6 8 2 1398 153
2 0 3 1634 173
11 6 2 2135 221
0 35 4 1735 179
15 41 1 1297 137
48 8 4 1514 157
35 21 3 1606 173
35 42 1 1796 187
6 43 1 2213 229
45 9 1 982 101
17 31 1 1145 126
8 2 1 1576 171
43 23 1 1016 115
46 18 4 1817 189
41 12 3 2185 228
41 28 2 2188 230
11 20 2 1258 136
18 13 2 1896 202
11 34 1 1251 133
38 2 2 1298 138
28 20 3 2302 239
8 1 3 1865 197
26 42 1 1181 123
2 15 4 1384 146
15 15 1 1286 139
15 46 2 1282 132
1 39 1 1976 209
29 4 2 1332 141
37 8 4 1452 151
15 40 3 1462 151
24 24 3 1357 150
39 7 3 2095 220
8 49 1 1514 159
40 25 3 1516 165
24 41 1 1505 162
3 7 3 1231 132
2 11 3 1166 124
39 33 2 1211 125
49 49 4 1595 168
5 43 4 1131 120
11 16 4 1248 138
12 35 3 1153 125
43 34 4 1205 126
5 8 3 1028 114
43 47 2 1203 124
32 8 2 1492 155
21 12 2 1295 140
26 14 3 1348 147
16 42 2 1381 141
8 32 4 1553 165
12 2 1 1402 150
46 1 3 1288 137
2 12 2 1557 167
2 8 2 1555 163
2 5 4 1503 154
1 42 2 1372 145
1 36 3 1375 147
36 32 3 1477 161
3 20 1 1475 159
36 6 4 1476 155
29 35 3 1403 150
6 9 3 1554 164
27 2 1 1256 136
46 40 3 1282 132
20 30 3 1617 171
35 4 3 1501 152
2 23 3 1364 141
40 17 4 1325 138
23 18 1 1417 156
20 32 4 1611 170
32 42 1 1655 177
32 0 2 1654 174
19 32 2 1506 158
9 8 2 1562 165
47 0 2 1287 139
47 8 1 1282 133
40 30 3 1743 180
14 30 1 1742 183
40 49 1 1546 165
24 44 4 1148 129
49 14 4 1653 176
24 11 4 1142 121
1 46 2 1421 148
46 30 3 1287 142
11 17 3 1212 124
39 17 3 1457 157
26 35 1 1296 140
17 48 4 1577 170
35 46 3 1403 151
39 42 2 1318 140
14 45 3 1183 123
39 23 3 1314 143
36 11 4 1208 136
33 5 4 1183 129
43 45 4 1201 122
43 2 4 1208 136
27 26 4 1088 124
27 30 2 1086 120
13 13 1 1224 128
13 19 3 1225 132
40 32 1 968 106
41 17 1 1144 119
28 44 4 923 100
21 23 2 1162 120
17 10 3 1192 126
44 34 4 1001 104
10 43 1 1264 137
21 38 4 1168 129
43 29 4 1373 147
13 30 1 1008 116
5 31 4 1248 139
5 35 3 1243 134
27 24 3 1121 117
31 15 3 1391 142
30 30 3 1166 128
28 1 2 975 104
30 4 2 963 106
27 6 2 644 75
4 3 2 1067 121
27 47 1 642 70
1 24 3 1042 110
4 47 3 1067 121
1 45 1 1047 115
24 19 1 1171 124
15 12 4 1426 152
31 6 4 1397 149
30 23 4 1288 142
30 34 1 1285 137
23 29 4 1428 154
35 49 1 1343 141
35 27 3 1344 142
29 44 1 1471 149
49 9 2 1411 145
27 28 2 1423 147
30 7 1 1167 130
44 42 1 1494 161
29 10 3 1478 160
38 22 1 1293 138
34 32 2 1043 109
9 34 1 1455 153
43 4 4 1374 147
34 33 1 1044 112
10 22 4 1262 133
32 16 4 1098 124
23 14 2 1207 129
44 36 4 1003 105
17 42 3 1192 126
32 5 1 1068 122
32 48 1 1065 114
19 17 1 1325 138
19 1 1 1322 139
17 46 3 1383 148
13 34 1 1286 137
46 10 2 1482 153
30 49 3 1204 127
30 23 2 1201 124
2 43 2 1367 144
2 14 4 1366 149
26 14 1 1247 138
14 2 4 1492 152
45 18 2 1224 132
14 47 3 1385 147
45 31 4 1223 126
5 16 3 1297 138
5 16 1 1298 141
31 6 1 1264 136
16 27 4 1388 153
16 38 2 1387 146
11 30 2 1365 146
11 43 1 1363 141
23 36 2 1437 157
23 7 3 1436 157
43 40 4 1414 150
45 5 4 1232 126
7 29 1 1578 167
42 24 3 1408 150
42 17 4 1403 146
46 44 2 1515 162
46 34 2 1512 157
48 14 2 1704 177
35 23 1 1405 149
17 22 4 1576 168
17 38 3 1248 135
46 15 1 1481 151
17 46 2 1245 134
30 35 1 1423 149
23 49 4 1492 152
30 8 3 1423 147
22 29 4 1682 176
11 36 2 1218 134
44 20 4 1295 138
14 45 3 1765 188
44 38 4 1293 133
49 33 4 1525 161
46 30 3 1341 140