0 34 1 04 5
0 25 4 08 9
34 17 2 52 10
25 8 1 94 19
25 24 3 92 19
17 7 3 101 15
17 5 2 108 22
24 13 4 196 33
5 1 3 227 36
13 23 3 331 36
8 8 4 194 30
1 20 1 364 47
1 7 4 365 43
8 24 3 301 35
13 29 1 334 44
5 30 1 224 34
24 36 1 356 43
20 36 2 472 54
7 9 1 156 23
29 29 4 448 58
36 19 1 435 56
30 31 3 345 43
9 35 4 238 32
9 7 4 234 31
29 7 4 445 57
7 23 1 437 51
7 20 3 437 54
31 33 2 431 46
23 12 1 363 47
23 26 2 364 42
12 38 3 475 57
26 0 4 425 53
20 38 3 543 59
7 28 2 576 66
38 23 1 594 65
35 33 2 325 42
23 34 1 512 58
33 2 1 425 48
34 20 2 588 71
2 33 3 481 54
20 30 1 714 83
7 6 3 317 44
19 39 2 562 59
31 28 2 434 55
39 3 1 593 70
28 38 1 556 64
19 31 3 567 70
38 14 2 648 79
31 19 4 706 80
29 37 3 584 68
19 9 3 807 89
29 24 4 587 68
9 36 4 893 95
24 39 3 686 82
36 35 4 951 103
36 10 1 547 63
36 26 3 433 53
10 22 1 632 66
26 28 4 532 58
22 24 3 663 70
22 0 3 665 76
26 27 2 538 67
0 14 3 761 79
27 20 1 676 79
35 19 1 1032 106
39 8 1 821 87
39 36 4 826 91
8 31 2 872 95
36 11 1 917 100
31 13 4 954 107
11 29 4 1008 114
13 23 1 1077 121
29 27 2 1145 125
23 13 2 1215 131
27 10 1 1255 136
36 20 2 953 102
10 39 4 1362 144
20 35 2 1027 114
39 5 3 1447 156
9 17 1 895 100
37 37 1 682 72
37 9 4 684 79
37 24 2 724 84
9 24 3 794 90
19 2 3 806 94
24 28 2 903 94
14 7 2 791 83
2 11 3 946 104
14 14 3 796 89
7 30 3 838 93
28 2 1 942 97
14 29 2 895 96
31 13 4 702 76
3 4 3 707 85
13 22 1 765 86
39 8 2 593 64
22 17 1 868 102
6 6 4 444 50
6 5 3 447 52
6 16 3 507 63
5 0 4 525 63
16 30 1 633 69
0 15 4 635 69
30 9 1 832 93
15 26 2 698 83
9 24 4 932 96
20 18 2 713 80
33 31 3 542 59
33 0 3 548 68
2 7 4 483 55
33 30 2 422 47
7 11 3 553 64
23 20 3 658 79
11 3 4 648 80
20 20 3 791 85
3 16 4 808 95
20 18 2 856 95
28 39 2 661 69
28 25 1 667 74
38 15 4 592 64
0 29 1 533 59
38 6 3 571 62
26 39 3 428 56
6 0 3 621 64
33 32 1 463 52
0 26 3 647 72
32 2 1 525 59
26 23 3 728 81
2 7 3 598 72
23 8 2 817 96
26 13 2 725 80
0 18 1 647 77
13 16 2 804 87
39 8 1 563 67
39 27 1 564 68
8 39 1 672 74
6 3 4 622 65
27 25 4 684 73
29 28 4 595 72
25 5 1 733 81
28 31 4 727 86
28 32 2 726 83
29 5 3 595 72
32 0 1 837 98
0 15 2 981 104
0 39 3 986 111
15 38 1 647 74
39 34 4 1114 116
25 30 3 744 84
39 18 2 697 83
39 2 3 696 80
18 8 3 835 93
18 15 2 956 103
8 22 2 937 101
18 21 4 957 105
16 20 2 955 105
21 27 3 1058 116
21 23 2 1055 111
3 10 2 803 86
23 17 4 1116 123
11 26 3 641 70
30 9 2 476 54
30 12 4 472 53
0 29 3 687 79
31 24 4 597 72
18 28 3 803 91
24 30 3 724 81
28 14 4 917 101
24 0 1 968 109
26 20 3 838 92
9 13 3 934 104
30 19 2 694 79
30 5 3 695 80
20 33 4 921 98
16 13 2 631 68
5 19 1 526 66
19 30 2 798 92
17 39 4 1025 111
8 3 3 648 78
4 18 4 851 90
19 6 2 666 77
13 4 1 767 87
30 15 2 927 100
39 16 3 1112 116
29 27 2 965 102
18 30 4 902 99
6 29 3 778 86
2 11 2 973 108
30 13 4 936 105
4 4 1 871 91
30 21 1 993 106
11 21 3 1047 117
13 20 2 1058 121
2 29 1 947 102
24 5 3 843 95
9 7 2 797 94
37 34 2 726 85
17 11 1 1002 110
5 20 4 1564 168
5 6 4 1566 166
29 2 2 1027 117
7 14 3 943 102
11 18 1 1102 118
35 16 1 1144 123
39 12 2 1448 160
20 28 1 1024 109
16 38 2 1236 130
10 2 1 1368 146
34 16 4 852 94
13 1 2 1318 141
13 31 3 1311 139
27 37 2 1257 136
28 29 1 1095 117
29 33 1 1146 124
11 23 2 1107 119
13 28 1 1077 122
11 22 2 1006 113
36 14 1 916 100
37 1 4 1362 144
33 7 4 1245 137
19 9 1 1067 115
1 13 1 1445 156
19 32 3 1066 117
13 22 3 1568 166
20 26 1 794 90
14 4 4 792 86
27 6 2 674 72
26 4 1 906 102
0 23 3 761 80
4 11 2 867 95
24 19 3 703 79
4 16 2 1023 110
28 24 4 584 64
28 21 1 581 65
16 15 2 1103 116
21 19 2 655 78
15 7 2 1168 125
19 9 2 788 94
19 3 1 797 90
11 0 1 958 111
3 1 2 908 101
0 19 1 1115 119
23 28 4 808 90
1 2 4 1016 115
4 3 3 1022 110
6 24 1 723 78
6 32 2 721 77
3 10 4 1101 116
22 30 3 1665 178
26 8 4 906 97
32 26 4 1176 126
10 4 1 1166 129
13 28 1 1568 166
30 6 3 1782 183
7 39 4 1376 149
9 16 1 1154 122
4 10 2 1293 135
9 36 3 1156 126
39 30 1 1498 158
1 1 2 1442 147
36 17 1 1266 133
29 33 1 1174 129
1 6 4 1472 150
23 22 3 1195 131
14 22 2 1008 113
22 37 3 1133 118
28 9 4 1225 129
22 23 2 1317 144
37 19 4 1187 130
22 2 1 1133 118
14 39 1 1002 107
19 8 1 1308 145
28 30 2 1222 126
1 6 3 1415 148
2 12 3 1186 126
30 31 4 1268 141
39 11 2 1078 120
30 36 2 1262 135
31 29 3 1392 149
31 33 1 1396 149
29 28 3 1495 160
2 30 3 1178 130
16 38 4 942 97
1 26 4 1413 152
2 37 4 1464 156
26 16 3 1526 162
28 27 3 1093 116
16 15 4 1624 174
12 28 1 1603 165
6 11 4 1668 180
18 15 1 1183 128
11 26 3 1803 187
15 1 3 1285 137
18 32 4 1186 129
38 19 1 1308 143
20 21 2 1684 177
2 8 2 1177 129
19 21 2 1434 153
14 12 3 1023 110
5 18 1 954 101
20 34 4 1214 127
18 25 4 1014 112
5 4 2 955 107
29 28 1 1026 116
25 21 4 1128 128
7 28 2 947 103
28 15 3 1164 125
20 33 3 1216 133
28 7 1 1033 113
33 9 2 1337 147
7 22 4 1132 121
21 36 3 1176 130
21 3 4 1172 120
22 16 1 1213 131
3 31 4 1203 126
21 13 2 1063 112
4 27 3 915 102
31 23 1 1264 135
21 35 1 1061 112
30 13 1 998 111
35 11 2 1128 124
13 30 1 1114 121
13 16 3 1116 122
11 9 3 1247 134
16 39 2 1223 127
9 30 2 1345 140
39 18 4 1271 136
30 38 2 1407 153
29 20 2 863 95
18 18 3 1368 149
11 35 3 1082 111
38 13 3 1533 164
16 15 3 1168 127
27 38 3 1027 115
15 19 1 1271 129
16 16 2 1165 122
15 22 1 1007 111
15 4 2 1006 112
19 32 2 1292 134
4 25 2 1126 122
32 21 4 1343 144
25 31 3 1228 134
4 27 3 877 98
3 37 4 787 93
27 1 1 982 106
37 25 2 932 103
33 39 4 987 106
1 3 2 1066 115
39 3 1 1068 119
39 22 3 1066 116
19 10 1 798 93
13 10 3 688 83
10 30 4 932 99
5 5 4 808 93
33 24 4 982 102
5 2 4 938 106
24 15 4 1025 112
5 17 3 807 88
15 24 2 1124 119
13 3 3 1041 106
13 32 4 1045 112
24 15 1 1191 128
20 25 2 924 104
32 2 2 1121 119
32 22 3 1125 119
15 28 3 1281 130
22 1 4 1198 134
28 38 1 1303 136
0 21 3 1095 115
14 7 3 1014 112
30 35 3 816 88
21 15 2 1151 119
7 38 3 1123 122
35 1 2 884 96
30 29 4 814 91
28 5 4 917 102
29 26 4 794 91
24 18 4 721 75
12 30 3 533 63
18 10 2 751 79
18 0 4 755 88
30 0 4 631 66
10 4 3 793 86
12 27 1 536 62
9 8 2 542 63
4 26 3 863 95
9 8 3 542 59
26 13 4 957 104
8 17 3 631 67
26 25 2 703 75
8 10 4 591 62
17 0 4 1238 139
26 3 3 707 81
17 33 1 1237 135
3 0 2 815 87
23 21 1 1115 120
10 29 3 865 93
21 9 3 1203 130
27 31 2 1168 130
29 27 2 934 101
9 20 4 1302 134
20 6 3 1053 116
20 22 1 1344 142
6 3 2 1167 129
6 4 2 1162 123
22 26 3 1427 153
22 10 2 1428 151
3 22 2 1293 136
20 33 3 1058 118
10 33 1 1511 153
22 18 1 1368 147
33 13 3 1181 126
33 32 1 1535 163
22 34 1 1012 105
22 38 1 1015 109
15 38 3 1032 111
32 31 4 1635 174
2 3 4 808 93
8 16 1 933 103
38 26 4 1096 117
16 0 3 1035 112
18 2 2 837 95
30 32 3 845 93
30 12 2 844 90
2 15 4 951 98
34 18 3 1162 122
12 28 2 901 99
34 22 2 1167 129
38 32 1 743 79
22 16 2 1296 137
22 11 4 1293 135
39 12 3 1111 113
32 10 3 797 89
15 20 2 1046 111
12 14 1 1132 117
15 4 4 1046 118
5 35 1 723 81
5 12 2 723 79
31 7 3 863 90
5 37 3 811 90
3 7 4 651 70
37 3 3 901 99
39 6 1 743 80
27 23 3 687 83
23 0 1 831 86
23 3 4 837 92
8 2 1 678 82
16 20 2 878 99
2 39 1 828 95
18 10 4 773 87
8 17 2 963 100
10 16 3 874 96
8 14 4 968 109
7 9 3 728 84
7 18 2 727 86
14 5 3 1097 121
9 14 1 844 91
23 33 1 814 91
18 0 1 861 88
33 36 2 916 98
0 3 3 884 99
36 17 4 988 108
3 1 4 991 103
17 38 3 1088 121
14 22 2 1095 117
16 14 3 962 106
38 12 1 1214 131
17 33 4 1007 110
17 21 4 1002 108
12 3 1 1317 144
33 28 3 1107 125
21 38 3 1082 113
10 10 3 876 95
38 6 4 1135 123
39 36 2 954 102
10 29 1 953 101
20 21 4 998 108
20 37 2 997 112
36 34 3 1027 110
2 31 3 823 88
34 24 1 1101 113
3 7 3 923 103
0 4 1 861 92
24 36 2 1138 126
4 3 3 926 106
0 20 1 863 92
6 29 3 806 89
3 15 3 1067 121
29 38 2 894 99
6 9 3 801 83
15 16 2 1217 129
38 34 4 996 111
9 38 3 837 97
3 38 4 996 113
34 27 3 1116 118
3 37 2 994 109
27 19 2 1182 126
27 23 4 1186 127
7 23 3 704 76
19 3 2 1261 130
23 19 1 1278 140
23 13 2 765 84
37 12 2 902 94
7 4 2 907 100
13 34 4 841 93
12 17 3 797 90
12 1 3 794 85
35 30 2 813 87
34 28 2 936 106
17 29 2 901 93
30 21 2 876 101
4 0 4 1187 129
14 16 1 1178 133
14 13 1 1178 126
0 19 3 1294 141
20 32 4 1113 121
19 17 1 1414 147
32 14 1 1211 130
20 16 4 1112 117
10 32 2 898 98
11 25 2 1356 146
16 35 3 1174 123
14 6 4 1308 141
17 2 1 1474 158
6 9 1 1411 146
12 9 3 1131 122
35 27 2 1235 130
16 23 2 1376 150
27 36 3 1308 139
25 36 4 1468 161
9 27 1 1462 151
9 4 1 1461 155
36 24 3 1391 141
23 35 3 1501 152
32 31 4 792 89
18 0 2 1223 126
24 21 1 1418 154
35 0 2 1527 164
28 14 2 997 114
31 4 4 895 101
0 6 4 1268 140
15 29 1 984 104
14 15 2 1143 120
12 23 3 902 95
29 32 4 1043 111
32 13 1 933 98
2 3 2 951 104
0 20 3 1128 128
26 14 1 1173 125
3 2 1 1046 117
20 28 3 1285 136
14 17 2 1258 139
26 13 1 1175 130
2 5 1 1178 128
28 21 2 1368 149
13 5 4 1306 142
16 1 3 1036 113
3 19 4 936 102
5 3 3 1422 146
31 13 1 1742 183
31 0 3 1747 185
3 37 1 1463 151
38 35 1 1116 120
0 17 2 1858 199
34 27 4 1056 112
17 33 2 1994 205
17 27 1 1996 210
13 39 4 1266 138
33 25 4 2051 207
18 16 3 1471 153
27 27 1 2107 222
25 23 1 2074 218
16 25 1 1532 156
23 17 2 2182 227
33 11 4 1533 158
23 34 4 2186 227
25 8 2 1566 165
17 30 2 2273 232
26 32 3 1534 163
34 11 2 2271 234
4 17 1 1237 132
11 7 4 2342 241
32 2 3 1637 176
7 15 1 2415 253
7 36 2 2413 246
2 27 3 1767 188
2 7 2 1762 185
15 22 1 2532 259
36 18 1 2462 249
20 29 3 1344 146
7 25 1 1855 198
7 31 1 1858 195
22 36 4 2592 266
31 24 1 1307 142
18 17 2 2495 261
29 10 2 1466 159
27 36 4 1015 107
25 21 3 1985 204
31 38 4 1952 198
24 16 2 1427 152
27 27 1 1015 110
21 1 4 2048 216
9 7 4 1304 140
29 18 3 931 99
1 4 1 2161 221
0 33 4 871 90
1 11 3 2162 226
4 33 3 2214 229
33 2 1 1353 139
33 3 3 2292 236
3 9 2 817 89
2 14 3 1393 143
0 11 2 1395 152
10 35 4 627 75
14 1 2 1438 157
10 11 3 627 75
11 28 2 1527 166
25 14 2 757 88
11 11 4 754 81
17 10 4 677 79
25 9 1 752 78
17 15 4 678 79
28 12 4 1668 179
13 32 3 1048 118
9 4 2 786 89
8 0 1 592 64
32 30 4 1183 128
26 19 2 952 100
0 39 3 641 73
30 38 2 1281 132
19 7 4 1004 110
27 33 2 628 74
38 10 1 1323 141
8 29 1 636 70
0 29 4 663 71
0 36 1 887 103
29 35 3 717 79
30 34 3 637 74
29 23 4 712 75
36 34 4 1037 117
5 7 1 1024 111
26 26 4 914 103
29 7 1 915 100
29 27 2 914 102
1 0 3 961 102
1 21 4 964 101
38 20 4 1223 127
27 29 2 1028 118
15 34 4 1196 132
21 32 2 1014 111
7 10 3 1125 119
21 24 4 1151 117
32 17 3 1111 118
10 18 2 1191 121
38 9 3 1361 143
17 12 2 1181 127
1 21 1 1347 147
9 14 2 1438 157
1 1 4 1341 142
14 8 2 1571 159
28 33 1 1301 133
2 12 1 1194 124
25 37 4 1045 111
15 31 2 1283 135
12 26 4 1246 134
3 13 1 1063 116
26 31 3 1343 145
3 4 1 1065 116
17 21 1 885 95
15 23 1 1122 117
13 0 4 1168 127
17 11 2 887 96
2 36 3 1066 117
11 9 2 961 103
2 6 2 1064 112
24 10 2 1026 110
5 9 3 933 103
6 26 1 1123 122
0 29 1 1276 139
30 11 3 997 111
10 6 4 831 87
10 14 2 837 98
26 20 2 1221 130
10 0 4 936 102
11 16 4 1112 120
22 37 3 1163 123
3 33 1 1192 123
3 22 2 1157 128
25 36 3 1035 113
1 16 2 1061 114
37 4 4 936 104
6 31 4 873 98
27 18 4 982 108
31 11 2 1345 145
16 12 4 1208 130
21 15 4 1447 159
25 15 3 1222 126
32 30 4 1344 144
22 3 1 1111 113
16 18 2 1227 133
38 7 2 1158 131
15 1 2 1272 132
18 26 4 1492 153
35 3 1 1115 118
13 22 2 1646 178
38 16 2 1536 164
15 10 2 1268 141
20 35 4 951 101
39 4 2 1278 137
35 26 3 1017 111
9 25 1 1341 142
16 8 3 1228 131
3 6 1 1181 123
1 9 4 1321 134
30 29 2 1213 127
23 21 2 1358 145
23 22 3 1353 140
15 21 4 1262 134
27 34 2 1022 109
13 32 1 1125 120
16 26 1 1315 138
16 7 4 1315 143
3 14 3 1208 131
36 7 3 1302 136
9 11 4 1477 156
9 15 3 1472 152
7 16 3 1138 128
33 34 3 1338 146
15 12 3 1252 128
21 34 1 1282 133
4 25 1 1076 116
25 24 1 1122 122
34 18 4 1272 131
18 29 3 1014 109
12 4 3 1107 120
21 5 2 1537 168
14 35 4 1317 144
21 29 4 1535 166
8 16 1 1291 132
21 14 3 1772 186
32 6 2 1293 135
1 21 4 1372 147
32 1 4 1292 135
26 19 3 1875 199
15 30 4 1286 135
11 35 3 1803 191
34 14 3 1335 141
15 6 2 1521 156
14 20 3 1412 148
28 4 4 1652 175
15 33 3 1742 182
27 27 3 1167 126
27 37 4 1166 125
35 15 4 1443 154
5 34 3 1685 178
16 31 2 1626 169
37 17 3 1564 165
26 8 3 1528 162
38 34 3 974 105
30 33 4 1303 138
30 0 3 1304 136
6 24 4 1355 148
28 11 3 1602 168
33 29 2 1491 158
33 0 4 1494 158
36 5 1 1351 142
6 23 4 1565 163
11 39 4 1204 127
11 20 2 1205 126
31 10 4 1411 144
6 13 4 1483 152
12 0 4 1267 139
8 34 4 1454 152
23 8 4 1445 152
19 34 1 1308 139
2 34 1 1183 123
24 35 1 1484 156
11 3 2 1681 173
23 19 2 1446 156
9 17 2 1296 137
37 12 3 1182 122
9 28 4 1298 140
22 12 3 1132 119
22 9 4 1313 136
6 37 3 1506 158
33 37 3 1292 133
35 27 1 1563 167
33 11 2 1293 134
6 28 3 1504 156
17 30 1 1333 139
30 8 3 1581 164
16 9 4 1226 129
36 29 3 1264 131
10 8 2 1356 142
39 0 3 1491 157
28 17 3 1663 175
6 23 4 1838 195
6 2 2 1831 188
28 25 4 1668 176
8 36 3 975 107
26 13 1 1265 137
26 23 2 1261 133
10 28 2 1166 128
32 24 3 776 90
24 25 2 786 85
36 28 3 1074 117
3 19 3 1101 115
2 22 3 1152 123
13 0 3 1371 146
28 15 1 1281 137
2 38 4 1151 121
38 17 3 1215 130
28 23 1 903 94
19 2 2 1192 123
1 32 2 1011 110
2 13 1 1233 131
0 30 3 1118 127
9 25 1 943 102
9 16 1 941 100
28 35 1 1282 137
7 8 2 1252 131
19 16 2 785 91
21 15 3 652 75
24 4 4 643 72
24 22 3 648 75
25 34 2 855 98
4 30 3 723 78
22 2 1 1231 129
30 18 4 1273 138
22 38 3 1235 135
25 37 2 857 94
25 18 3 1027 111
16 22 4 917 102
13 7 3 1314 139
13 39 3 1317 139
16 17 1 1008 111
23 29 4 943 100
36 39 4 1078 122
32 20 1 1101 118
23 8 1 1335 146
0 8 4 1463 154
19 4 1 1154 124
38 33 4 1218 137
0 11 1 1465 155
13 12 3 1373 143
38 8 1 1356 145
28 10 1 1173 124
24 25 4 903 100
25 0 2 1761 182
2 31 3 1885 196
29 9 4 1311 133
2 27 2 1883 198
23 12 3 1952 205
0 37 1 1572 163
17 18 3 1755 181
17 11 1 1755 183
8 33 1 1427 157
10 4 3 1246 133
12 6 3 1436 153
11 25 3 1551 161
9 30 1 1295 139
6 7 3 1532 161
8 2 1 1645 173
9 29 2 1294 134
30 37 2 1395 147
28 19 2 1562 160
28 24 2 1566 163
28 29 3 1403 151
28 5 4 1402 147
0 4 3 1392 144
12 6 1 1196 130
9 25 3 1368 145
37 33 2 1588 174
17 18 1 1378 146
5 18 4 1475 155
37 20 2 1585 166
37 1 1 1335 139
37 1 2 1333 144
11 35 3 1348 144
11 29 2 1346 143
12 32 4 1228 138
27 8 2 1677 179
1 1 1 1445 157
19 33 3 1563 162
3 14 3 1735 182
3 11 3 1731 179
34 39 3 1234 134
35 24 2 1563 164
14 22 4 1417 156
32 38 2 1388 151
8 2 2 1797 188
34 35 1 1396 149
9 36 1 1362 143
8 12 2 1528 165
34 22 2 1528 166
34 21 4 1527 160
12 35 2 1195 127
0 11 3 1396 146
13 27 4 1521 160
39 27 2 1346 144
13 28 1 1526 164
10 9 3 1448 160
12 15 4 1227 134
0 29 3 1588 174
37 19 3 1252 129
23 19 4 1633 170
39 14 3 1276 141
39 21 1 1276 134
23 14 1 1632 171
5 21 2 1427 153
0 30 3 1587 167
29 3 2 1586 169
29 6 3 1586 170
8 17 4 1522 158
0 39 3 1368 145
34 24 3 1055 118
8 8 4 1624 167
17 20 2 1658 180
33 7 4 1387 146
8 6 4 1623 171
17 16 2 1658 174
31 23 2 1695 178
34 28 4 1782 186
39 11 3 1454 151
20 8 1 1267 134
7 2 2 1461 153
31 19 3 1695 178
34 23 1 1787 192
15 12 2 1547 163
27 5 3 1264 135
33 27 2 1824 193
27 26 4 1262 133
33 16 4 1821 190
4 29 3 1755 186
20 26 2 1481 156
20 31 2 1484 157
25 28 1 1168 127
27 37 2 1937 202
25 12 4 1163 123
35 9 3 1914 200
34 19 2 1466 158
30 38 2 1355 142
11 31 1 1681 171
19 3 4 1995 205
1 28 3 1356 145
1 18 2 1355 148
21 19 4 1475 159
14 9 1 1862 189
14 8 1 1865 199
16 24 2 1326 143
16 30 2 1325 143
29 17 4 1667 181
35 24 1 1446 155
30 36 4 1436 156
4 35 4 1202 124
29 39 1 1091 118
29 18 4 1098 119
24 38 2 1221 126
18 36 4 1316 138
24 14 4 1221 129
32 14 2 1203 124
12 28 1 1284 140
36 1 2 1387 153
16 27 2 1288 143
36 7 4 1388 153
34 14 2 1333 141
34 14 2 1465 154
16 25 1 1284 134
11 7 3 1563 167
21 37 1 1457 155
7 21 1 1366 147
7 13 3 1366 147
32 29 3 1206 131
29 15 1 1317 139
14 29 3 1313 140
7 7 1 1434 150
26 11 4 1387 153
26 20 1 1381 146
34 23 3 1096 123
21 37 2 1348 148
29 0 1 1275 136
34 1 4 1091 117
22 10 4 1402 147
7 34 4 1435 149
6 36 2 1231 128
6 32 4 1237 138
29 36 1 1272 137
9 37 1 1346 147
15 3 4 1592 169
22 34 3 1401 147
26 22 4 1115 121
3 13 4 1138 124
4 6 1 1373 145
18 39 1 1333 141
3 13 4 1691 172
18 35 1 1333 144
7 12 4 1317 139
4 1 3 1046 118
18 17 4 1087 121
26 2 1 1537 166
7 39 4 1311 133
3 22 1 1183 126
2 20 3 1668 180
8 21 1 1311 140
26 23 4 1531 161
39 38 1 1332 139
25 32 3 1424 150
30 36 3 1444 155
16 22 2 1643 172
10 16 1 1413 146
22 24 1 1782 185
35 30 3 1017 111
16 1 4 1643 175
15 5 4 1598 169
12 14 2 1307 140
11 8 4 1456 155
20 5 1 1301 138
33 6 3 1232 130
4 29 4 1045 116
18 20 1 1086 118
31 4 4 981 102
16 5 1 1201 127
36 8 1 1136 126
0 12 1 1025 108
20 35 4 1308 144
16 32 2 1148 124
22 18 1 1287 141
36 22 2 1138 129
0 33 1 1027 111
26 3 2 1228 133
37 17 3 1235 136
6 3 1 872 96
16 28 4 1144 119
29 4 1 1398 155
9 1 4 1036 114
14 35 4 987 107
11 34 2 1114 121
10 22 4 1101 119
10 21 1 1106 118
6 25 3 1127 127
4 19 2 1554 164
36 22 2 1174 126
9 18 1 1032 111
23 0 1 1173 128
36 10 4 1175 129
4 2 1 1164 126
4 13 1 1167 125
23 15 4 1173 125
21 32 1 955 103
13 26 3 1161 122
31 38 3 1457 155
31 16 3 1452 155
37 15 4 1114 120
32 16 3 1032 110
26 37 1 1348 147
31 24 3 1358 151
33 35 3 1333 137
33 2 1 1331 136
12 20 4 1247 137
8 0 4 1595 166
1 24 4 1428 151
1 27 3 1425 155
24 12 1 1518 164
14 13 1 1572 161
21 33 2 1472 154
21 11 2 1478 160
12 28 1 1275 137
18 38 2 1214 126
18 0 2 1215 128
17 6 1 1181 121
24 13 4 1175 125
6 0 2 1218 132
24 1 1 1174 123
32 31 3 1115 123
34 36 4 1323 143
29 16 1 1181 120
20 13 2 1273 132
0 8 1 1021 105
0 11 3 1026 116
7 26 3 1008 116
7 16 1 1001 106
11 4 4 1163 120
26 17 4 1031 105
7 37 2 1118 127
7 21 1 1115 121
34 13 2 1172 121
34 39 4 1178 133
23 3 4 756 86
23 31 4 758 87
35 26 3 798 90
34 24 2 743 84
36 26 3 1035 111
29 30 3 702 79
10 35 2 1415 149
38 26 1 1323 139
10 18 4 1413 149
33 13 3 744 79
7 27 4 1101 117
33 9 4 742 82
39 6 1 735 81
19 11 2 1008 114
39 29 1 731 76
30 29 3 1281 132
0 27 4 645 72
12 4 1 1794 184
4 35 1 898 101
4 33 4 897 98
12 11 1 1798 192
10 16 2 798 88
15 10 4 791 82
11 9 2 814 86
14 26 4 888 102
28 18 3 1662 169
35 10 4 751 82
1 12 4 1578 170
1 27 3 1578 170
11 2 3 1527 167
14 2 2 1433 151
9 5 2 898 105
3 10 2 2367 245
3 30 1 2366 247
2 37 2 1395 150
11 22 1 2262 235
33 23 4 2293 240
33 13 1 908 106
22 8 2 2356 245
18 4 1 998 109
7 33 1 1404 152
4 9 2 2215 228
7 12 1 1408 149
16 20 2 1523 162
38 12 1 1987 211
33 30 4 1528 168
16 2 1 1528 162
10 7 3 1595 170
27 0 2 1108 123
30 12 3 1687 180
7 17 3 1705 177
17 6 2 2611 267
36 16 4 1075 114
12 33 3 1807 188
36 38 3 2663 271
16 15 2 1141 119
31 7 3 1953 203
36 6 4 2666 280
29 20 1 1467 157
7 0 1 2033 210
18 9 2 2497 260
22 3 4 2596 270
27 28 2 1886 198
3 23 2 2701 278
27 29 3 1886 198
15 38 1 2532 262
17 27 2 1323 140
17 23 2 1328 146
11 17 2 2344 241
34 6 1 2271 235
30 16 2 2327 246
8 5 3 1656 173
11 30 3 1587 173
17 14 3 2413 249
27 6 4 2225 233
25 38 4 2073 215
39 34 3 1382 147
39 27 1 1382 146
33 30 2 2054 211
34 29 3 1477 160
27 30 2 1121 116
27 18 4 1123 118
35 20 3 1204 126
35 33 2 1205 129
37 6 3 1518 167
37 28 2 1511 160
20 2 1 1264 136
13 38 3 1835 192
13 5 2 1835 191
3 9 2 1468 161
19 21 4 1023 110
19 26 4 1028 112
1 2 2 1135 121
5 35 3 1421 151
5 12 1 1284 133
21 21 2 1492 155
5 38 3 1287 143
13 28 3 1302 133
17 39 4 1393 148
38 10 3 1431 145
2 12 1 1172 124
14 37 2 1253 129
20 10 2 1284 134
13 12 3 984 110
13 11 4 988 109
32 8 1 1113 119
23 1 3 953 103
32 9 3 1111 120
6 9 2 1401 146
15 36 4 1206 128
29 23 1 1041 110
4 18 3 1017 115
4 35 3 1017 110
14 1 3 1142 118
23 9 3 1104 119
0 15 2 1648 177
18 30 3 1158 125
21 25 1 1542 163
21 17 1 1543 162
31 14 1 895 99
35 13 4 1521 156
24 13 3 1411 146
27 8 1 1511 154
36 8 1 1617 169
4 12 1 1556 166
27 23 2 1305 141
6 25 1 1411 146
36 37 2 1393 148
9 33 2 1224 130
2 29 2 1587 172
32 8 1 981 103
33 33 3 1305 138
35 29 2 1234 133
8 26 3 1037 112
25 1 3 1466 159
32 33 3 984 109
16 14 2 1173 127
1 31 2 1597 174
14 12 2 1306 141
17 32 1 1477 159
19 30 3 1418 156
32 39 4 1215 131
32 30 2 1593 164
16 8 2 1336 140
13 14 2 1264 133
16 2 4 1334 144
29 4 1 938 109
21 36 3 1012 107
29 33 3 936 104
28 22 2 1068 116
30 36 4 875 100
33 19 4 1048 120
17 5 2 904 95
1 29 4 855 96
1 33 2 857 94
34 22 4 938 103
12 20 4 946 101
4 13 2 1007 111
13 12 4 844 96
19 24 2 1406 147
19 36 2 1405 150
12 15 3 965 103
3 8 4 1301 139
24 33 1 1472 153
23 2 1 1272 135
19 16 4 1264 131
37 31 4 1098 125
37 1 3 1091 117
38 13 2 1138 128
38 37 4 978 108
16 26 3 1297 137
9 6 1 835 89
26 27 3 1371 142
15 4 4 1218 130
29 9 3 891 91
20 22 4 921 95
36 10 2 1264 132
4 17 1 923 102
7 25 2 1034 108
24 17 1 1131 120
31 16 1 885 96
31 1 4 885 94
34 24 3 1107 121
37 29 3 1128 123
21 15 4 1083 112
29 9 2 1234 128
15 21 3 1121 121
29 28 1 1016 109
6 4 1 1236 134
10 16 1 953 104
38 31 4 1131 122
28 12 3 1257 138
3 20 2 1442 148
21 20 3 1083 113
12 1 2 1318 143
14 29 2 1067 117
22 35 1 1175 128
38 3 3 1217 129
1 39 1 1035 109
17 39 1 1086 120
35 2 4 1287 137
3 5 2 991 101
36 21 1 985 110
0 38 2 888 98
21 3 2 1101 116
14 15 4 912 101
5 21 4 1211 124
21 35 4 1248 140
3 28 2 1167 131
3 4 1 1165 125
38 28 1 986 112
38 17 2 981 105
21 0 3 1103 117
5 28 2 1013 110
5 37 4 1011 106
3 1 4 1291 137
2 24 1 1378 148
39 20 2 1207 132
39 8 2 1093 118
3 5 4 1294 139
29 19 4 1176 130
29 20 3 1174 128
8 11 2 1184 130
1 16 4 1431 149
20 31 1 1131 120
20 33 2 1486 161
12 7 3 1381 145
31 23 3 1225 130
31 39 4 1223 130
16 9 1 1042 109
16 34 3 1047 117
4 22 1 1341 143
4 25 1 1343 145
28 13 2 1096 117
22 4 3 1436 157
28 30 4 1094 118
21 32 4 1215 130
9 36 1 1282 138
15 36 2 1122 116
24 36 2 1212 124
1 10 4 942 100
16 32 3 965 109
16 34 3 963 105
17 31 4 1207 133
25 16 3 1082 116
25 20 3 1086 118
17 3 2 1023 108
17 33 2 1023 107
10 31 4 1322 140
22 13 3 954 103
22 24 1 951 98
9 28 1 916 101
9 38 1 918 103
4 23 4 1303 138
4 39 3 1307 144
27 33 1 1428 151
27 33 3 1425 152
33 11 2 1515 160
6 23 2 897 98
6 4 4 898 102
26 4 1 1377 151
37 33 3 1087 121
13 18 4 1283 136
1 37 3 1178 133
1 29 1 1177 127
31 37 2 1258 134
16 30 2 1317 144
2 4 1 1351 139
2 5 4 1355 146
33 37 2 1537 168
8 6 1 1396 146
15 18 3 1035 116
36 26 3 1508 162
36 30 3 1501 158
13 15 4 1116 125
20 27 1 1018 115
26 9 4 1623 166
13 25 3 1115 118
22 33 3 1033 109
25 14 4 1188 128
33 29 1 947 108
29 34 4 961 101
5 38 4 953 99
19 14 2 1203 127
19 5 4 1205 126
36 25 1 1001 103
22 18 3 1162 119
36 30 2 1001 103
33 7 4 1048 115
14 14 2 1275 133
36 29 4 1074 119
4 6 3 1091 116
2 39 1 1444 152
2 34 3 1447 156
14 31 4 1333 142
14 33 3 1333 139
14 9 4 1331 136
29 26 2 1193 126
8 35 2 1408 151
30 11 4 1647 177
30 25 1 1641 173
33 0 3 1396 146
39 23 1 1313 136
30 7 4 1568 168
30 4 2 1564 168
32 26 2 1596 172
12 39 1 1414 147
12 12 4 1418 157
7 15 1 1681 176
23 32 4 1362 143
31 29 1 1745 186
14 3 4 1272 135
33 36 4 1094 114
26 39 3 1125 119
1 15 1 1594 170
29 16 2 1334 140
26 4 3 1125 122
29 9 1 1337 147
33 1 4 1382 146
29 0 2 1724 182
16 4 1 1402 144
25 13 2 1465 154
37 0 4 1486 156
25 38 4 1466 156
23 32 1 1413 152
12 27 2 1663 176
12 2 2 1667 181
17 15 2 1628 177
13 28 2 1563 167
17 9 4 1625 173
30 22 3 1254 136
13 30 3 1466 160
8 23 3 1548 166
22 38 1 1362 143
13 27 3 1461 151
8 23 4 1545 161
8 4 3 1694 181
25 9 1 1635 170
23 11 3 1612 167
15 26 4 1775 186
9 33 2 1706 177
25 9 1 1632 171
33 11 1 1773 182
15 27 2 1775 187
9 30 3 1717 184
14 9 2 992 103
9 31 2 1196 131
1 21 1 1184 128
35 7 1 1108 123
23 19 1 1101 113
35 1 4 1101 115
36 16 4 1283 136
9 20 3 1461 149
36 35 3 1285 134
9 5 4 1205 127
1 27 1 1034 112
9 14 1 1461 155
8 33 1 1195 131
27 22 4 1126 124
11 27 1 1096 123
8 11 1 1195 131
12 23 3 1103 117
11 4 4 1097 121
10 16 2 1343 141
10 9 3 1346 143
12 4 4 1242 128
12 9 2 1245 131
37 33 4 1291 131
10 11 2 1451 149
39 37 3 1488 161
39 28 4 1486 161
11 11 3 1492 153
28 15 3 1336 146
38 24 1 1437 153
21 3 2 1553 162
21 19 2 1557 168
12 1 1 1334 143
12 17 2 1335 145
35 7 1 1515 160
35 37 2 1516 161
26 24 3 1126 120
2 10 4 1216 132
26 12 4 1126 124
21 28 3 1105 122
21 26 1 1105 117
9 10 3 1615 172
9 12 2 1614 166
5 29 4 1911 197
38 15 1 1924 204
38 1 2 1921 196
2 3 4 1368 148
2 25 3 1367 145
28 1 3 1605 170
28 37 1 1606 173
6 3 3 1677 179
33 23 2 1293 139
18 16 2 1183 127
3 0 1 1793 189
18 14 3 1185 130
30 28 1 1161 123
29 21 1 1608 176
27 5 4 1468 158
30 28 2 2118 221
30 15 1 2114 218
34 6 3 1472 157
38 20 4 2153 225
6 33 1 2334 241
6 15 2 2332 242
14 27 3 2492 255
14 25 2 2497 258
30 1 1 1734 180
5 0 1 1734 179
30 7 2 1733 183
16 37 3 2461 252
6 29 1 2356 242
23 31 3 1466 154
27 35 4 1407 153
37 9 4 2521 255
27 15 3 1408 153
38 30 3 2628 278
38 39 1 2626 269
29 13 1 1981 205
23 25 1 2787 291
28 22 1 1984 205
3 38 4 2701 279
9 13 4 2605 272
9 26 2 2605 273
20 1 3 1571 161
0 19 4 2108 225
0 18 1 2107 218
20 11 4 1571 160
6 19 4 2806 288
15 29 2 1193 126
38 11 2 2716 281
38 11 2 2712 275
33 17 1 1886 202
16 9 4 1141 116
6 7 1 2678 281
9 0 2 1161 124
17 38 3 1774 183
0 5 1 1232 127
7 31 4 1707 182
0 29 1 1233 128
2 34 1 1628 175
12 7 2 2117 223
30 1 2 1686 181
2 3 3 1625 168
7 20 1 2232 231
12 29 3 2116 225
12 26 4 1495 155
9 15 3 2284 235
20 37 3 1622 168
26 8 2 1552 164
9 30 4 2283 234
4 10 3 1092 118
8 28 2 2452 249
30 10 1 2348 244
4 23 4 1095 121
10 19 4 1186 132
8 17 3 2458 257
13 32 2 1067 121
19 35 2 1321 141
23 12 2 2401 245
37 13 1 1507 158
23 1 3 2406 251
2 29 3 1513 162
37 3 1 1503 158
30 12 1 2475 256
5 13 1 1051 110
2 14 2 1511 156
27 26 3 1706 178
13 10 4 1103 114
5 28 3 1057 118
2 3 4 1676 174
10 33 3 2458 261
10 4 3 822 88
27 13 3 1708 185
12 36 4 1707 181
4 38 2 886 98
18 34 2 1696 178
26 30 2 1022 107
26 17 3 1024 111
9 28 4 862 94
9 39 1 868 99
10 39 4 822 87
33 12 2 983 104
16 37 3 888 99
11 21 2 1925 203
16 17 2 881 90
33 29 2 982 104
35 11 1 1012 111
4 12 1 1843 192
27 13 4 728 82
29 9 3 1327 143
27 20 4 727 81
29 13 1 768 88
11 14 3 1141 121
9 15 3 824 93
6 36 3 816 95
9 11 3 828 93
27 19 1 1177 130
13 15 3 792 89
13 36 4 797 88
18 29 1 1498 161
26 33 4 1391 142
35 38 4 1494 156
26 33 2 1395 152
33 19 2 1421 150
35 2 4 1498 165
30 12 3 793 89
24 6 2 842 90
26 38 4 1111 114
26 5 3 1116 121
31 19 3 875 93
26 28 1 907 100
26 36 4 901 97
3 28 2 862 94
3 31 4 867 101
39 24 3 1337 145
13 4 2 1218 132
13 23 4 1217 134
21 16 2 1212 129
21 18 1 1218 134
37 2 3 1272 135
17 38 2 1058 117
17 16 1 1052 111
4 19 2 1203 128
4 1 4 1203 131
16 29 2 1062 111
16 35 2 1061 109
26 10 1 1167 130
11 13 3 1164 128
8 24 4 1051 114
8 10 3 1053 115
13 0 4 1322 139
24 8 1 1146 128
13 24 1 1323 137
16 32 3 1202 130
16 3 1 1203 131
36 24 4 1434 152
31 36 2 1231 125
31 32 4 1237 138
1 29 2 1236 134
0 24 1 1321 136
0 2 3 1325 138
24 14 3 1364 147
13 0 3 1256 134
13 3 2 1257 138
6 5 2 1216 133
3 4 2 1386 150
38 20 4 1263 137
0 30 2 1287 136
38 19 4 1267 139
28 12 1 1372 143
11 35 1 1602 164
13 9 1 1615 173
13 28 3 1618 176
33 37 2 1542 159
12 16 3 1645 172
27 10 3 1557 163
24 39 2 1515 160
27 3 4 1555 166
0 5 2 1664 171
0 31 3 1666 174
20 13 4 1371 140
20 7 1 1377 146
35 11 3 1372 144
2 10 1 1367 149
24 5 3 1511 156
37 21 1 1473 158
16 37 4 1102 120
38 17 2 1555 164
16 3 3 1102 118
15 19 2 1205 127
15 30 3 1208 134
16 22 4 1556 169
38 15 2 1554 162
26 22 4 1223 130
32 3 1 1033 108
26 39 4 1226 133
13 35 2 1253 129
15 24 3 1258 137
13 4 1 1252 135
2 1 4 1264 135
10 3 2 1297 144
0 23 4 1282 136
0 11 1 1282 135
10 10 2 1293 139
18 7 4 1116 122
22 3 1 1267 134
19 6 4 1644 170
35 35 2 1073 112
25 11 2 1275 134
21 32 3 1186 130
34 6 2 1214 133
22 16 4 1198 129
1 12 1 1143 121
28 14 4 1198 132
1 7 2 1144 120
28 7 4 1193 129
7 12 1 1207 135
3 16 4 966 110
12 0 2 1358 150
16 38 3 1106 117
3 16 4 961 102
17 19 3 1362 145
33 13 3 1115 118
3 6 1 1337 147
3 7 1 1331 136
22 27 4 1296 136
32 29 3 1245 137
22 26 3 1297 144
7 35 2 1364 144
18 30 4 1417 156
35 8 2 1448 154
12 31 2 1088 121
35 8 2 1447 154
12 35 2 1083 116
8 20 3 1263 130
8 38 2 1266 135
5 6 4 1275 133
5 24 3 1278 141
38 33 1 1355 148
4 19 1 1025 115
4 22 1 1026 111
20 3 4 1184 124
20 3 2 1185 126
29 25 2 1164 126
6 35 2 1306 142
5 34 3 1382 145
8 37 2 1556 165
8 11 4 1557 163
14 8 4 1408 155
11 32 4 1635 169
14 39 3 1406 147
5 37 1 1698 184
5 13 4 1698 181
1 24 2 1754 181
1 30 3 1754 184
30 38 2 1112 121
24 24 2 1852 195
24 32 1 1856 193
16 7 3 1465 153
16 6 1 1462 155
22 14 3 1724 180
36 1 3 1551 162
22 20 2 1725 182
21 11 2 1401 143
1 22 1 1623 167
21 0 1 1401 148
20 9 4 1802 186
22 3 4 1262 134
23 23 1 1611 164
32 10 2 1504 161
38 14 4 1398 148
10 16 4 1611 163
38 1 2 1397 153
23 38 2 1613 169
22 25 2 1268 140
20 33 2 1806 194
12 34 4 1396 149
35 31 1 1447 156
12 10 4 1396 151
2 32 1 1661 173
39 34 4 1336 140
1 26 2 1186 125
17 6 3 1214 131
39 7 3 1412 146
39 19 1 1418 151
13 24 4 1723 183
6 3 4 1317 142
6 12 1 1458 160
13 4 4 1247 138
34 10 1 1475 156
24 16 1 1831 189
6 37 4 1454 154
4 35 1 1387 151
13 21 4 1246 138
22 38 4 1211 126
22 24 1 1212 124
32 3 3 1382 146
37 14 2 1474 158
36 9 1 1377 151
32 33 1 1382 142
36 21 2 1287 138
34 31 2 1493 160
36 9 3 1287 137
10 7 2 1471 154
1 32 1 1171 119
23 11 1 1233 133
10 20 1 1474 158
11 10 2 1333 138
1 2 3 1178 131
0 0 1 1363 145
10 30 4 1385 150
37 21 1 1485 154
37 1 1 1486 159
0 31 4 1452 149
23 12 2 1238 136
11 15 2 1532 157
20 16 3 1465 154
7 23 2 1506 164
29 17 4 1403 146
29 26 2 1311 139
15 21 4 1394 145
21 33 1 1478 159
13 4 4 1477 162
21 12 3 1473 153
13 36 4 1471 155
33 5 4 1593 167
7 5 4 1674 178
14 26 2 1548 165
37 11 2 1557 166
25 35 2 1344 144
7 28 4 1674 174
25 6 2 1343 143
14 37 1 1411 148
14 15 2 1547 169
1 25 1 1533 162
14 29 4 1415 149
7 5 1 1534 164
27 38 2 1432 147
28 2 1 1407 153
14 9 3 1244 136
14 29 1 1245 134
14 13 4 1297 141
38 10 2 1262 136
38 2 1 1261 130
18 11 2 1192 122
2 0 4 1302 135
2 15 2 1308 145
39 0 3 1185 125
39 12 4 1185 129
36 37 3 1567 164
15 13 3 1454 154
35 29 2 1247 132
30 17 1 1433 154
36 5 1 1563 164
24 33 4 1553 164
17 36 1 1815 187
9 25 3 1898 200
24 32 4 1431 146
8 37 2 1992 205
18 7 3 1481 153
28 31 4 1453 153
18 25 2 1486 155
7 29 1 1531 155
19 3 1 1592 169
29 19 1 1554 161
28 23 3 1455 152
3 39 4 2054 212
31 26 1 1716 185
3 22 1 2054 215
19 22 2 1584 170
38 3 1 1427 157
12 31 1 1236 137
38 36 1 1421 147
19 27 1 1584 165
9 24 1 2004 211
36 24 4 1478 161
12 14 1 1237 133
31 26 3 1577 172
37 3 3 2022 210
24 20 1 1613 170
37 3 4 2028 218
28 4 4 1273 132
28 22 2 1275 137
26 32 2 1562 164
31 4 2 1578 170
26 4 1 1567 171
29 6 4 1861 194
29 20 1 1862 190
16 33 4 1903 195
26 8 3 1337 144
33 25 3 1951 199
27 29 2 1936 207
12 20 3 1634 170
12 3 3 1637 177
19 23 4 1781 180
23 14 2 1926 203
11 14 4 1514 161
11 15 1 1517 166
5 20 4 1355 142
14 29 3 2034 215
2 20 4 1532 163
6 38 4 1714 177
19 13 1 1787 186
23 39 2 1788 191
8 23 3 1343 141
8 4 2 1343 143
16 16 3 1746 182
28 30 3 1862 191
23 16 3 1782 185
30 25 1 1917 200
16 9 3 1746 188
16 6 2 1852 195
6 6 1 1717 184
25 34 2 2001 209
24 35 2 1181 123
20 9 2 1808 192
20 37 2 1808 194
8 20 4 1677 182
39 9 1 1457 155
7 3 3 1467 156
17 8 2 1585 165
8 17 4 1677 177
3 13 1 1696 178
8 34 4 1656 179
14 12 4 1713 175
3 15 4 1691 174
14 17 2 1716 183
30 35 2 1675 174
6 24 1 1703 178
21 0 1 1538 162
14 15 1 1416 150
19 26 3 1706 178
21 28 2 1343 139
21 26 4 1345 140
35 32 3 1498 164
21 8 4 1605 167
36 39 3 1432 150
22 35 4 1668 178
19 9 1 1701 172
12 27 4 1655 178
12 37 4 1658 181
35 22 2 1272 136
11 38 2 1467 159
27 2 3 1602 164
22 22 1 1368 149
27 37 2 1444 149
28 17 4 1641 170
28 1 1 1648 178
24 13 4 1647 176
9 16 2 1602 164
13 34 2 1764 181
15 37 3 1347 149
19 19 2 1296 136
19 10 3 1296 141
29 16 1 1741 177
2 29 4 1883 198
9 30 2 1607 170
38 39 3 1512 155
22 37 1 1567 171
27 21 2 1604 165
29 15 1 1984 206
39 32 4 1347 142
33 19 2 1623 167
14 23 2 1828 197
11 32 3 1791 187
19 4 1 1673 177
36 36 2 1434 149
1 19 3 1575 165
1 9 3 1575 168
29 8 3 1433 153
35 14 2 1446 156
35 12 2 1445 150
1 9 4 1448 155
1 11 2 1393 149
1 16 1 1392 149
18 5 2 1462 153
18 37 3 1555 166
20 6 2 1667 174
33 37 3 1742 182
33 13 3 1746 187
25 28 1 1456 157
37 15 1 1823 188
6 0 2 1301 134
4 28 1 1448 160
6 34 4 1303 137
4 39 1 1444 151
24 1 2 1638 174
24 30 3 1632 169
34 24 2 1371 142
29 29 4 1513 159
29 30 2 1515 158
37 21 1 1477 160
2 14 4 1738 182
19 14 3 1606 167
19 34 4 1601 169
29 27 3 1344 142
2 37 1 1737 187
29 7 3 1346 146
7 12 3 1617 170
30 32 4 1397 153
7 12 1 1612 170
25 11 3 1616 174
30 37 1 1392 148
4 36 1 1331 141
8 38 2 1461 153
30 33 2 787 88
4 20 4 1241 130
25 9 3 1612 165
4 5 4 1244 130
18 36 2 1817 191
33 26 4 1573 165
20 12 4 1183 128
33 14 2 1375 146
18 21 3 1384 150
33 8 4 1378 148
11 37 3 1557 166
25 35 2 1006 113
33 14 1 1572 166
11 17 1 1831 192
37 8 1 1665 179
8 20 4 1451 148
8 26 1 1458 160
17 1 2 1921 199
0 12 3 1824 193
9 17 3 1337 147
0 6 2 1824 189
31 14 2 1966 209
31 39 1 1962 205
12 31 3 2052 213
27 5 3 1986 212
27 4 2 1986 205
31 27 1 2137 225
12 13 1 2051 210
20 17 1 1184 126
37 19 3 1632 169
37 35 2 1638 172
29 14 2 1002 103
39 14 1 1226 132
29 38 3 1003 109
17 5 3 1113 121
7 26 1 1391 142
2 22 3 1233 129
7 35 1 1397 148
18 37 4 1113 115
22 1 4 1027 116
18 15 1 1117 122
37 6 1 947 108
38 14 1 1357 149
8 23 2 1315 137
1 14 3 1168 129
8 12 4 1548 168
30 25 1 787 89
2 33 3 1293 134
35 17 4 1377 148
25 25 1 893 95
22 11 2 755 88
4 19 1 727 86
39 34 2 1395 145
15 8 1 751 78
16 10 3 916 102
35 4 2 1377 150
22 15 3 756 88
18 3 2 1383 143
15 30 1 1378 152
15 1 4 757 84
2 31 1 1298 143
25 26 3 1027 113
34 6 1 984 107
17 0 4 1301 135
23 1 2 945 103
15 21 1 1376 150
6 23 4 1072 110
0 25 2 1357 143
26 28 1 1134 122
26 8 3 1137 121
6 36 1 1075 119
31 5 3 1431 145
1 12 3 843 94
1 3 2 847 93
30 35 1 1526 166
3 13 4 1431 147
15 28 1 888 101
4 31 1 1508 164
4 33 4 1507 162
28 33 3 1015 109
10 22 2 1024 112
10 24 3 1026 111
8 7 1 786 89
34 16 3 1452 154
19 19 2 868 102
19 8 4 865 94
7 15 1 894 96
11 38 4 882 97
25 12 4 956 104
25 29 2 953 104
17 3 3 1481 153
17 18 4 1483 152
33 8 2 1348 144
25 30 3 895 101
18 25 4 1526 161
30 12 4 1016 110
12 28 3 1688 183
14 17 1 1297 142
23 35 2 1371 140
23 12 4 1377 149
6 37 3 1088 124
35 30 4 1405 152
14 10 3 1495 160
6 24 2 1083 114
15 14 2 1223 126
1 0 3 1162 124
37 13 2 1155 124
37 29 1 1156 125
35 27 1 1484 155
35 34 3 1485 154
22 14 3 1298 144
22 19 3 1297 138
26 10 1 1426 153
38 26 1 1096 123
5 11 1 1215 131
38 18 2 1094 121
14 9 4 1327 141
14 30 1 1033 113
14 19 3 1323 141
35 22 2 1724 183
19 18 4 1698 182
19 27 1 1698 182
17 30 3 1268 139
13 15 2 2103 218
27 1 1 2253 235
30 34 4 1391 145
27 26 1 2255 231
4 19 1 2057 216
5 34 2 2126 221
39 37 1 2052 213
39 1 1 2058 215
14 7 3 2097 217
14 23 3 2095 220
6 6 1 1892 196
6 15 1 1894 199
12 30 1 1935 199
6 36 4 1967 208
1 33 2 1991 204
17 15 4 1475 157
36 22 2 2088 217
20 10 2 1486 158
26 1 2 1601 165
26 6 4 1608 173
8 26 4 1791 186
8 18 4 1792 186
14 0 4 1667 178
35 16 2 1137 126
0 36 3 1787 190
14 9 3 1667 179
37 28 2 1666 177
8 30 1 1481 155
8 22 1 1482 155
21 18 2 1501 154
21 37 1 1505 162
14 24 3 1468 157
12 1 2 1288 144
12 12 1 1281 133
26 3 2 1654 172
1 9 3 1442 154
26 19 2 1658 178
36 13 3 1912 200
36 14 4 1916 200
5 20 3 1307 140
14 11 3 2006 207
9 15 3 1654 176
9 25 3 1657 176
20 16 1 1305 137
20 20 3 1305 141
33 34 2 886 99
38 21 2 1536 163
16 5 2 1376 146
38 28 2 1536 164
36 25 4 1412 150
36 4 2 1412 149
37 25 3 1485 155
37 6 2 1482 153
11 30 2 1745 184
11 28 3 1745 183
12 33 3 1701 176
12 17 2 1701 178
30 35 3 1842 192
32 18 3 1538 168
7 37 2 1461 155
17 35 4 1781 186
12 19 2 1707 182
37 4 3 1875 198
18 20 2 1687 180
35 13 4 1861 188
37 29 3 1876 200
27 19 1 1425 154
27 32 1 1421 149
34 22 4 1697 178
14 27 4 1672 170
19 21 1 1546 166
14 25 1 1825 192
14 37 3 1827 194
21 30 2 1604 165
21 23 4 1605 167
30 26 2 1581 160
30 0 3 1581 160
29 3 1 1597 172
29 3 1 1597 173
24 14 3 1428 156
24 22 2 1427 154
30 23 4 1695 175
1 8 3 1748 185
39 5 1 1515 163
28 18 3 1607 174
28 33 4 1601 168
0 1 1 1345 143
0 20 4 1347 146
15 12 4 1881 195
28 35 4 1577 165
28 33 4 1576 165
12 29 2 1954 202
13 32 4 1873 192
13 27 3 1875 199
6 19 1 1748 186
5 7 2 1537 161
37 21 1 1664 176
16 28 2 1493 158
11 28 2 1495 157
16 22 4 1497 157
9 3 2 1556 167
9 18 1 1553 163
28 24 4 1576 167
12 24 3 1504 159
12 17 2 1504 156
14 12 2 1566 168
14 12 2 1567 167
8 3 4 1534 160
9 4 3 1688 179
9 30 3 1687 177
19 17 4 1658 181
36 27 4 1493 153
4 4 3 1777 187
32 25 1 1878 203
23 39 3 1972 202
32 36 3 1425 152
32 21 4 1426 152
15 3 4 2063 213
15 18 1 2064 218
37 15 3 1715 178
3 34 1 2133 224
21 30 1 1658 181
39 8 2 1551 162
30 31 3 1701 178
29 30 1 1988 212
16 2 3 1776 185
16 21 3 1775 183
19 37 3 1364 145
19 4 2 1364 144
10 10 2 1413 148
37 31 1 1493 153
37 7 2 1494 158
34 6 3 1816 189
16 24 2 1645 176
13 31 1 1768 188
1 34 4 1783 182
17 27 1 1708 185
17 14 2 1701 174
37 2 3 1497 164
37 35 1 1497 159
22 22 4 1492 155
2 34 3 1647 174
38 29 2 1592 165
37 7 3 1813 186
22 19 3 1361 145
27 18 1 1784 183
35 20 1 1781 184
9 9 1 1721 179
39 32 4 1502 154
8 36 4 1678 176
8 23 2 1676 177
9 27 1 1794 187
32 5 3 1645 174
32 27 1 1641 171
26 34 2 1407 150
28 24 4 1394 151
28 16 4 1395 145
26 24 4 1784 189
15 39 3 1507 165
0 8 3 1628 174
0 39 2 1628 171
24 13 4 1787 190
24 4 4 1782 181
35 14 2 1748 183
17 28 2 1835 190
15 28 1 1748 187
15 4 2 1748 184
12 21 4 1755 184
34 13 2 1797 194
13 1 3 1782 183
13 25 3 1783 184
17 14 4 1772 184
8 17 1 1651 173
3 3 3 1568 170
9 37 3 1554 164
20 35 3 1827 191
37 25 2 1943 203
9 37 2 1925 205
9 25 3 1921 196
35 33 1 1231 130
35 9 2 1232 126
34 31 4 2095 218
6 15 1 1848 200
6 19 1 1841 191
6 4 3 1956 206
9 10 3 1884 193
16 36 1 1851 191
30 5 3 1911 193
16 35 1 1825 194
5 0 2 1938 204
16 36 4 1828 197
4 38 1 1434 153
36 27 3 1972 204
4 14 2 1436 157
23 16 4 1414 151
23 35 4 1412 147
39 12 1 1911 198
39 5 1 1913 202
20 15 1 1424 147
38 34 3 1773 185
20 10 3 1638 177
20 34 1 1638 177
34 5 3 1854 191
13 22 3 1864 194
15 23 2 1667 180
29 12 4 2156 224
14 30 3 1615 168
14 8 4 1615 174
12 12 2 2243 231
14 34 2 2037 215
3 0 2 1775 187
23 14 3 1801 183
20 17 1 1704 178
3 8 3 1777 188
14 31 3 1831 189
20 14 2 1701 177
29 37 3 2078 220
25 24 4 1998 212
8 24 4 1443 154
8 14 3 1447 152
33 12 1 1951 201
20 7 3 1907 203
20 29 2 1903 196
6 27 4 1946 207
6 4 2 1945 203
4 27 2 1713 181
4 3 4 1715 184
4 28 4 1708 180
4 20 4 1705 182
32 13 3 1641 173
32 9 3 1644 169
22 10 3 1377 151
4 32 1 1323 138
3 0 3 2185 228
3 35 1 2102 220
20 34 4 1708 181
26 32 3 1726 182
26 8 3 1727 181
14 34 4 1338 149
24 19 4 2116 225
24 29 4 2117 219
27 38 3 1651 174
3 4 4 1576 170
29 37 2 2191 224
31 32 1 1375 146
22 0 4 2152 223
22 29 4 1705 177
22 29 3 1704 175
26 14 4 1854 192
39 22 2 2121 220
14 18 3 1925 205
23 25 3 1523 159
18 10 3 2053 211
19 6 4 1613 172
23 38 3 1523 161
10 37 3 2111 218
6 33 1 1721 175
19 23 3 1615 168
37 6 4 2182 223
3 10 1 1697 179
23 5 4 1688 182
29 4 3 1551 163
10 16 4 1796 190
31 33 3 1531 158
25 14 4 1552 165
16 32 4 1907 205
31 11 1 1534 159
37 31 3 2054 213
32 33 1 1463 157
11 1 4 1595 170
36 35 4 1872 195
31 7 2 2137 223
32 38 4 1462 153
36 32 2 1876 199
25 11 4 2006 212
33 36 1 1646 171
33 26 3 1646 176
5 1 1 1648 177
17 35 1 1544 163
26 9 1 1761 182
13 34 4 1542 164
13 3 1 1546 161
29 3 4 1325 141
37 18 1 1641 169
0 21 1 1258 137
12 32 1 1293 140
15 15 1 1456 154
0 2 3 1357 149
0 24 3 1354 143
11 6 1 1223 127
11 16 1 1226 131
10 15 4 1362 145
6 20 4 1273 135
10 25 1 1361 140
13 13 1 1414 152
20 1 3 1357 143
13 17 1 1415 148
29 27 3 1343 144
9 4 4 1367 151
2 8 3 1533 157
17 25 1 1488 160
5 30 1 1641 171
38 7 3 1478 159
38 13 4 1477 162
25 12 3 1606 172
29 6 1 1491 153
25 36 2 1623 171
25 27 4 1621 168
15 39 2 1694 179
37 7 3 1482 158
15 8 1 1696 181
37 31 4 1485 155
6 1 1 1433 149
28 25 2 1745 187
35 7 3 1446 155
6 17 2 1437 158
28 23 2 1747 182
11 39 1 1663 176
26 0 2 1657 174
5 20 3 1781 182
0 39 2 1741 176
5 13 4 1671 170
36 33 3 1557 163
36 25 1 1555 161
12 39 3 1538 163
4 6 2 1622 165
33 28 3 1597 168
39 21 3 1635 176
21 5 4 1458 158
26 26 2 1394 149
26 19 2 1391 148
17 33 2 1464 156
28 19 1 1682 172
17 25 3 1462 156
23 17 1 1647 175
33 20 3 1563 160
12 17 4 1362 146
16 17 2 1543 162
16 28 4 1548 165
17 13 2 1468 161
15 10 1 1576 165
31 37 3 1494 155
1 20 3 1594 169
31 3 1 1492 158
21 37 4 1547 167
30 33 4 1506 161
2 25 4 1316 144
2 37 2 1317 144
10 30 3 1385 145
33 0 4 1613 165
20 3 3 1582 167
11 14 4 1336 142
32 30 2 1197 130
32 17 2 1197 128
7 16 3 1542 160
7 37 4 1542 164
9 2 3 1378 153
9 21 2 1378 151
31 31 2 1603 170
31 20 4 1604 170
21 0 1 1386 145
33 29 4 1427 151
33 23 2 1422 145
9 7 3 1512 158
9 27 1 1517 162
24 25 3 1246 137
14 14 2 1581 165
23 31 3 1455 154
38 33 4 1263 137
3 16 4 1464 158
3 14 1 1466 156
24 38 1 1247 135
38 38 2 1266 140
21 6 2 1383 146
35 3 2 1517 161
37 38 1 1543 162
35 34 3 1511 159
16 0 1 1898 202
37 18 3 1542 162
4 22 3 1388 154
10 17 1 1562 163
12 13 4 1605 168
24 33 1 1835 190
3 5 2 1421 148
19 37 1 1517 163
7 10 3 1465 156
6 22 2 1314 140
26 32 1 1253 134
26 20 2 1258 136
32 25 4 1737 188
34 8 1 1405 147
32 34 1 1737 187
10 19 3 1518 167
31 6 2 1562 164
33 8 2 1943 203
10 6 2 1517 164
34 29 1 1498 159
33 2 2 1942 201
6 39 2 1647 179
25 9 4 1403 147
34 28 1 1492 157