0 13 4 07 13
0 17 1 03 4
13 17 4 136 27
17 3 3 44 16
13 16 1 137 27
3 14 1 167 25
3 15 2 168 25
17 2 3 273 37
15 0 2 256 37
17 0 3 274 38
0 16 3 373 42
0 19 4 387 52
16 4 2 428 52
19 4 4 523 58
17 10 3 48 17
4 5 4 586 65
10 6 1 175 24
10 8 2 178 30
4 14 4 523 63
8 18 2 308 40
14 10 1 635 73
18 11 2 404 48
4 6 2 524 58
16 1 3 426 56
6 3 1 581 67
1 2 1 566 70
3 10 4 677 81
2 1 2 707 79
0 18 1 371 42
2 5 2 374 49
18 0 4 421 46
5 12 3 492 59
15 10 1 256 36
12 4 4 593 69
14 19 1 254 32
16 6 2 278 42
19 12 4 327 47
6 13 1 423 53
12 15 3 472 51
13 12 1 535 60
6 19 4 425 52
19 6 1 328 46
4 19 4 691 71
6 3 4 463 53
19 0 2 717 86
3 3 4 533 64
0 7 4 863 90
3 1 4 641 73
7 2 3 902 94
1 19 2 734 85
1 0 3 732 81
19 3 4 855 97
10 17 1 362 42
12 12 2 596 69
17 8 4 428 54
0 14 2 466 60
8 7 3 546 65
14 11 1 606 73
0 12 3 465 57
5 0 2 493 54
1 19 2 797 89
0 15 2 544 62
19 1 3 897 100
15 5 1 622 71
1 12 2 1001 104
1 5 3 794 84
12 11 3 1047 119
10 10 1 815 91
10 7 4 812 91
2 16 1 704 77
7 15 2 918 102
6 5 2 582 63
15 14 1 1021 105
5 1 2 637 75
11 16 3 487 60
10 6 4 734 84
18 2 1 401 44
8 11 2 302 35
2 12 1 441 47
11 1 2 358 45
12 3 3 478 61
1 13 2 458 55
6 13 4 246 35
13 2 4 554 66
13 9 3 353 39
2 8 4 665 76
5 12 2 658 74
8 3 2 763 87
5 1 4 653 72
12 18 3 747 85
12 19 1 745 82
18 11 3 853 89
9 11 1 397 47
11 15 2 896 98
15 0 4 987 110
15 7 4 988 111
0 2 1 1107 119
7 11 4 1112 115
2 14 4 1196 132
9 0 4 395 45