0 28 2 02 8
28 39 3 81 11
28 13 4 82 14
39 24 2 113 15
13 12 4 141 20
24 37 4 155 26
12 22 2 203 28
37 0 2 263 34
12 24 2 204 27
0 16 1 341 41
24 36 4 272 34
16 36 1 414 50
36 30 4 343 44
22 13 4 286 36
30 27 4 442 48
13 28 4 367 44
36 28 3 343 39
27 26 1 482 58
13 24 1 361 44
27 0 3 485 57
36 32 3 501 55
26 38 4 584 64
36 38 3 502 57
28 15 4 447 56
28 27 1 392 44
30 20 3 445 52
0 20 4 575 67
38 18 1 571 63
27 38 2 448 56
27 34 2 444 52
0 25 1 578 71
15 27 2 563 61
38 15 4 576 70
27 32 1 612 68
32 3 2 556 64
24 22 2 447 52
32 17 2 688 81
22 5 2 522 58
28 29 4 447 52
38 11 4 648 77
5 32 4 586 72
17 38 4 812 87
3 2 3 647 76
3 20 1 643 72
15 4 1 707 81
15 6 4 702 77
25 23 4 717 79
27 3 4 611 63
38 12 1 568 65
38 8 1 568 71
34 12 2 525 62
20 21 3 677 82
18 18 4 631 67
34 1 1 525 58
18 23 4 631 72
20 38 3 678 77
20 15 1 527 67
1 37 2 588 69
15 15 1 675 77
23 8 2 722 78
1 2 1 581 63
18 6 3 672 72
2 39 4 631 65
18 25 1 673 74
21 3 2 828 95
12 34 2 627 75
12 17 3 624 70
8 18 4 716 82
17 28 1 704 77
12 23 1 656 78
3 29 2 637 73
3 8 4 633 67
23 6 3 798 95
23 20 4 792 84
6 22 4 771 82
20 23 2 845 94
6 9 3 776 87
4 13 2 814 93
20 21 3 725 80
20 2 4 728 87
2 23 1 765 88
2 35 1 766 90
38 4 2 875 96
5 19 1 587 69
17 2 4 811 83
32 24 4 728 88
11 2 3 777 92
29 38 2 525 60
2 13 1 925 98
24 27 2 884 100
2 33 4 832 88
13 17 2 988 111
19 37 1 691 72
4 38 4 963 105
4 25 1 962 101
35 27 1 904 101
35 26 4 907 98
23 30 4 887 99
23 22 3 887 100
2 18 4 876 98
2 11 2 876 101
21 13 1 801 85
21 12 1 806 94
13 20 2 938 108
9 25 3 878 99
20 34 1 1082 116
9 31 4 871 95
23 33 1 948 106
22 28 1 821 87
20 18 3 848 98
6 25 1 952 103
8 3 1 673 78
8 12 4 676 81
29 29 1 738 89
29 10 2 737 83
23 37 2 784 88
23 36 1 785 84
28 13 1 777 87
28 2 3 771 85
18 30 4 825 90
17 30 2 704 78
34 9 3 753 82
34 29 2 752 84
3 24 4 953 104
3 29 1 956 105
25 16 4 741 78
29 9 4 1051 108
16 17 4 785 84
25 9 4 748 89
39 33 1 651 67
6 14 1 727 82
9 5 2 1083 114
6 20 4 722 75
2 39 1 634 72
8 4 1 783 87
8 30 4 786 88
14 3 3 826 90
15 38 4 777 90
15 30 4 774 84
37 29 2 692 73
4 37 4 875 95
38 27 2 776 87
15 5 1 672 72
27 10 4 871 92
3 23 3 908 104
3 19 3 908 99
37 38 2 951 97
5 31 3 1148 124
20 1 3 751 80
20 4 3 751 84
14 0 3 825 93
33 13 1 678 78
30 36 1 886 102
9 37 3 898 101
17 34 2 846 98
9 10 4 1082 111
16 26 2 788 90
29 2 3 1058 119
24 3 2 1045 113
29 31 3 842 94
9 15 4 827 95
9 6 4 821 90
30 2 3 786 85
30 7 3 782 87
30 6 2 905 99
13 15 3 877 98
2 24 1 854 96
13 25 4 877 98
36 3 4 848 96
37 29 2 887 103
37 7 4 886 102
10 12 3 833 91
10 16 1 836 90
29 23 4 892 97
12 24 3 816 94
12 2 4 817 91
3 36 2 781 86
25 9 3 1037 117
25 16 3 1032 106
18 31 1 988 113
18 35 4 985 106
16 21 2 1066 115
28 8 3 874 99
28 19 2 875 99
33 30 1 1068 119
31 31 4 955 101
34 20 3 1168 125
3 2 2 963 100
34 20 4 1168 125
25 15 3 992 107
25 11 4 993 109
12 7 3 945 102
12 9 4 942 97
11 19 2 1098 122
13 32 4 857 95
13 30 2 857 94
11 22 3 1016 110
11 19 3 1014 107
18 10 3 986 107
22 21 3 1004 112
22 30 4 1007 109
19 13 3 1077 120
30 10 2 996 106
26 34 3 987 108
27 32 1 1015 111
10 35 1 1064 113
27 7 3 1017 114
25 22 3 1015 108
25 38 3 1018 111
38 16 1 1058 116
38 22 3 1058 116
37 12 2 726 83
37 8 3 723 78
17 22 4 1118 125
17 0 3 1116 125
33 24 2 883 92
0 36 4 1255 134
27 2 4 1006 110
13 7 3 988 109
38 22 3 606 68
7 18 3 1095 116
7 20 4 1096 120
2 29 2 1102 116
36 7 4 1342 143
24 11 2 921 94
24 27 4 927 104
22 14 3 1256 132
8 33 4 783 85
12 24 3 838 92
12 5 1 831 91
22 5 2 1161 125
22 39 4 1161 125
16 23 3 1163 126
38 33 1 1115 117
38 22 4 1116 120
22 30 1 1084 116
7 7 4 1148 125
35 25 1 1138 129
32 34 2 1111 113
35 30 1 1133 119
34 22 1 1086 117
34 9 4 1087 123
10 4 4 1061 108
13 10 4 1202 123
30 32 2 1094 120
30 32 2 1096 122
21 4 4 1128 126
10 37 2 1076 118
22 24 3 1108 119
30 18 3 946 105